15 93 16 72 88 62 73 35 91 7 29 2 60 81 91 38 71 92 51 96 19 53 57 69 29 53 96 66 75 62 12 34 89 27 40 63 79 45 59 2 48 63 19 15 95 89 22 57 97 56 25 22 10 80 86 74 67 56 86 28 67 55 51 5 32 91 54 67 4 10 93 13 57 66 87 69 74 45 76 41 
59 46 46 55 39 34 76 87 7 47 14 70 58 56 45 12 11 77 48 46 3 90 99 18 48 86 88 14 29 6 75 50 42 65 35 93 26 86 1 90 51 52 18 5 78 11 53 29 64 96 70 10 72 61 46 70 22 44 74 19 15 67 53 5 70 38 70 90 6 81 23 73 65 62 0 55 69 33 15 95 
65 89 98 85 22 2 45 89 14 59 26 37 73 1 90 28 99 16 94 13 5 71 9 19 90 83 20 66 68 85 15 50 55 15 38 78 90 5 25 91 66 32 87 98 63 20 73 40 24 40 76 9 1 47 8 44 98 20 32 92 95 60 18 61 50 63 89 12 65 32 84 61 20 62 25 84 29 75 74 98 
10 42 82 12 23 9 43 64 69 60 90 7 54 69 96 2 98 8 48 29 16 85 72 45 22 35 73 94 6 59 69 16 25 41 35 1 55 66 86 27 51 20 38 33 40 22 35 72 50 83 38 16 74 76 17 93 22 95 90 39 15 93 16 72 88 62 73 35 91 7 29 2 60 81 91 38 71 92 51 96 
19 53 57 69 29 53 96 66 75 62 12 34 89 27 40 63 79 45 59 2 48 63 19 15 95 89 22 57 97 56 25 22 10 80 86 74 67 56 86 28 67 55 51 5 32 91 54 67 4 10 93 13 57 66 87 69 74 45 76 41 59 46 46 55 39 34 76 87 7 47 14 70 58 56 45 12 11 77 48 46 
3 90 99 18 48 86 88 14 29 6 75 50 42 65 35 93 26 86 1 90 51 52 18 5 78 11 53 29 64 96 70 10 72 61 46 70 22 44 74 19 15 67 53 5 70 38 70 90 6 81 23 73 65 62 0 55 69 33 15 95 65 89 98 85 22 2 45 89 14 59 26 37 73 1 90 28 99 16 94 13 
5 71 9 19 90 83 20 66 68 85 15 50 55 15 38 78 90 5 25 91 66 32 87 98 63 20 73 40 24 40 76 9 1 47 8 44 98 20 32 92 95 60 18 61 50 63 89 12 65 32 84 61 20 62 25 84 29 75 74 98 10 42 82 12 23 9 43 64 69 60 90 7 54 69 96 2 98 8 48 29 
16 85 72 45 22 35 73 94 6 59 69 16 25 41 35 1 55 66 86 27 51 20 38 33 40 22 35 72 50 83 38 16 74 76 17 93 22 95 90 39 15 93 16 72 88 62 73 35 91 7 29 2 60 81 91 38 71 92 51 96 19 53 57 69 29 53 96 66 75 62 12 34 89 27 40 63 79 45 59 2 
48 63 19 15 95 89 22 57 97 56 25 22 10 80 86 74 67 56 86 28 67 55 51 5 32 91 54 67 4 10 93 13 57 66 87 69 74 45 76 41 59 46 46 55 39 34 76 87 7 47 14 70 58 56 45 12 11 77 48 46 3 90 99 18 48 86 88 14 29 6 75 50 42 65 35 93 26 86 1 90 
51 52 18 5 78 11 53 29 64 96 70 10 72 61 46 70 22 44 74 19 15 67 53 5 70 38 70 90 6 81 23 73 65 62 0 55 69 33 15 95 65 89 98 85 22 2 45 89 14 59 26 37 73 1 90 28 99 16 94 13 5 71 9 19 90 83 20 66 68 85 15 50 55 15 38 78 90 5 25 91 
66 32 87 98 63 20 73 40 24 40 76 9 1 47 8 44 98 20 32 92 95 60 18 61 50 63 89 12 65 32 84 61 20 62 25 84 29 75 74 98 10 42 82 12 23 9 43 64 69 60 90 7 54 69 96 2 98 8 48 29 16 85 72 45 22 35 73 94 6 59 69 16 25 41 35 1 55 66 86 27 
51 20 38 33 40 22 35 72 50 83 38 16 74 76 17 93 22 95 90 39 15 93 16 72 88 62 73 35 91 7 29 2 60 81 91 38 71 92 51 96 19 53 57 69 29 53 96 66 75 62 12 34 89 27 40 63 79 45 59 2 48 63 19 15 95 89 22 57 97 56 25 22 10 80 86 74 67 56 86 28 
67 55 51 5 32 91 54 67 4 10 93 13 57 66 87 69 74 45 76 41 59 46 46 55 39 34 76 87 7 47 14 70 58 56 45 12 11 77 48 46 3 90 99 18 48 86 88 14 29 6 75 50 42 65 35 93 26 86 1 90 51 52 18 5 78 11 53 29 64 96 70 10 72 61 46 70 22 44 74 19 
15 67 53 5 70 38 70 90 6 81 23 73 65 62 0 55 69 33 15 95 65 89 98 85 22 2 45 89 14 59 26 37 73 1 90 28 99 16 94 13 5 71 9 19 90 83 20 66 68 85 15 50 55 15 38 78 90 5 25 91 66 32 87 98 63 20 73 40 24 40 76 9 1 47 8 44 98 20 32 92 
95 60 18 61 50 63 89 12 65 32 84 61 20 62 25 84 29 75 74 98 10 42 82 12 23 9 43 64 69 60 90 7 54 69 96 2 98 8 48 29 16 85 72 45 22 35 73 94 6 59 69 16 25 41 35 1 55 66 86 27 51 20 38 33 40 22 35 72 50 83 38 16 74 76 17 93 22 95 90 39 
15 93 16 72 88 62 73 35 91 7 29 2 60 81 91 38 71 92 51 96 19 53 57 69 29 53 96 66 75 62 12 34 89 27 40 63 79 45 59 2 48 63 19 15 95 89 22 57 97 56 25 22 10 80 86 74 67 56 86 28 67 55 51 5 32 91 54 67 4 10 93 13 57 66 87 69 74 45 76 41 
59 46 46 55 39 34 76 87 7 47 14 70 58 56 45 12 11 77 48 46 3 90 99 18 48 86 88 14 29 6 75 50 42 65 35 93 26 86 1 90 51 52 18 5 78 11 53 29 64 96 70 10 72 61 46 70 22 44 74 19 15 67 53 5 70 38 70 90 6 81 23 73 65 62 0 55 69 33 15 95 
65 89 98 85 22 2 45 89 14 59 26 37 73 1 90 28 99 16 94 13 5 71 9 19 90 83 20 66 68 85 15 50 55 15 38 78 90 5 25 91 66 32 87 98 63 20 73 40 24 40 76 9 1 47 8 44 98 20 32 92 95 60 18 61 50 63 89 12 65 32 84 61 20 62 25 84 29 75 74 98 
10 42 82 12 23 9 43 64 69 60 90 7 54 69 96 2 98 8 48 29 16 85 72 45 22 35 73 94 6 59 69 16 25 41 35 1 55 66 86 27 51 20 38 33 40 22 35 72 50 83 38 16 74 76 17 93 22 95 90 39 15 93 16 72 88 62 73 35 91 7 29 2 60 81 91 38 71 92 51 96 
19 53 57 69 29 53 96 66 75 62 12 34 89 27 40 63 79 45 59 2 48 63 19 15 95 89 22 57 97 56 25 22 10 80 86 74 67 56 86 28 67 55 51 5 32 91 54 67 4 10 93 13 57 66 87 69 74 45 76 41 59 46 46 55 39 34 76 87 7 47 14 70 58 56 45 12 11 77 48 46 
3 90 99 18 48 86 88 14 29 6 75 50 42 65 35 93 26 86 1 90 51 52 18 5 78 11 53 29 64 96 70 10 72 61 46 70 22 44 74 19 15 67 53 5 70 38 70 90 6 81 23 73 65 62 0 55 69 33 15 95 65 89 98 85 22 2 45 89 14 59 26 37 73 1 90 28 99 16 94 13 
5 71 9 19 90 83 20 66 68 85 15 50 55 15 38 78 90 5 25 91 66 32 87 98 63 20 73 40 24 40 76 9 1 47 8 44 98 20 32 92 95 60 18 61 50 63 89 12 65 32 84 61 20 62 25 84 29 75 74 98 10 42 82 12 23 9 43 64 69 60 90 7 54 69 96 2 98 8 48 29 
16 85 72 45 22 35 73 94 6 59 69 16 25 41 35 1 55 66 86 27 51 20 38 33 40 22 35 72 50 83 38 16 74 76 17 93 22 95 90 39 15 93 16 72 88 62 73 35 91 7 29 2 60 81 91 38 71 92 51 96 19 53 57 69 29 53 96 66 75 62 12 34 89 27 40 63 79 45 59 2 
48 63 19 15 95 89 22 57 97 56 25 22 10 80 86 74 67 56 86 28 67 55 51 5 32 91 54 67 4 10 93 13 57 66 87 69 74 45 76 41 59 46 46 55 39 34 76 87 7 47 14 70 58 56 45 12 11 77 48 46 3 90 99 18 48 86 88 14 29 6 75 50 42 65 35 93 26 86 1 90 
51 52 18 5 78 11 53 29 64 96 70 10 72 61 46 70 22 44 74 19 15 67 53 5 70 38 70 90 6 81 23 73 65 62 0 55 69 33 15 95 65 89 98 85 22 2 45 89 14 59 26 37 73 1 90 28 99 16 94 13 5 71 9 19 90 83 20 66 68 85 15 50 55 15 38 78 90 5 25 91 
66 32 87 98 63 20 73 40 24 40 76 9 1 47 8 44 98 20 32 92 95 60 18 61 50 63 89 12 65 32 84 61 20 62 25 84 29 75 74 98 10 42 82 12 23 9 43 64 69 60 90 7 54 69 96 2 98 8 48 29 16 85 72 45 22 35 73 94 6 59 69 16 25 41 35 1 55 66 86 27 
51 20 38 33 40 22 35 72 50 83 38 16 74 76 17 93 22 95 90 39 15 93 16 72 88 62 73 35 91 7 29 2 60 81 91 38 71 92 51 96 19 53 57 69 29 53 96 66 75 62 12 34 89 27 40 63 79 45 59 2 48 63 19 15 95 89 22 57 97 56 25 22 10 80 86 74 67 56 86 28 
67 55 51 5 32 91 54 67 4 10 93 13 57 66 87 69 74 45 76 41 59 46 46 55 39 34 76 87 7 47 14 70 58 56 45 12 11 77 48 46 3 90 99 18 48 86 88 14 29 6 75 50 42 65 35 93 26 86 1 90 51 52 18 5 78 11 53 29 64 96 70 10 72 61 46 70 22 44 74 19 
15 67 53 5 70 38 70 90 6 81 23 73 65 62 0 55 69 33 15 95 65 89 98 85 22 2 45 89 14 59 26 37 73 1 90 28 99 16 94 13 5 71 9 19 90 83 20 66 68 85 15 50 55 15 38 78 90 5 25 91 66 32 87 98 63 20 73 40 24 40 76 9 1 47 8 44 98 20 32 92 
95 60 18 61 50 63 89 12 65 32 84 61 20 62 25 84 29 75 74 98 10 42 82 12 23 9 43 64 69 60 90 7 54 69 96 2 98 8 48 29 16 85 72 45 22 35 73 94 6 59 69 16 25 41 35 1 55 66 86 27 51 20 38 33 40 22 35 72 50 83 38 16 74 76 17 93 22 95 90 39 
15 93 16 72 88 62 73 35 91 7 29 2 60 81 91 38 71 92 51 96 19 53 57 69 29 53 96 66 75 62 12 34 89 27 40 63 79 45 59 2 48 63 19 15 95 89 22 57 97 56 25 22 10 80 86 74 67 56 86 28 67 55 51 5 32 91 54 67 4 10 93 13 57 66 87 69 74 45 76 41 
59 46 46 55 39 34 76 87 7 47 14 70 58 56 45 12 11 77 48 46 3 90 99 18 48 86 88 14 29 6 75 50 42 65 35 93 26 86 1 90 51 52 18 5 78 11 53 29 64 96 70 10 72 61 46 70 22 44 74 19 15 67 53 5 70 38 70 90 6 81 23 73 65 62 0 55 69 33 15 95 
65 89 98 85 22 2 45 89 14 59 26 37 73 1 90 28 99 16 94 13 5 71 9 19 90 83 20 66 68 85 15 50 55 15 38 78 90 5 25 91 66 32 87 98 63 20 73 40 24 40 76 9 1 47 8 44 98 20 32 92 95 60 18 61 50 63 89 12 65 32 84 61 20 62 25 84 29 75 74 98 
10 42 82 12 23 9 43 64 69 60 90 7 54 69 96 2 98 8 48 29 16 85 72 45 22 35 73 94 6 59 69 16 25 41 35 1 55 66 86 27 51 20 38 33 40 22 35 72 50 83 38 16 74 76 17 93 22 95 90 39 15 93 16 72 88 62 73 35 91 7 29 2 60 81 91 38 71 92 51 96 
19 53 57 69 29 53 96 66 75 62 12 34 89 27 40 63 79 45 59 2 48 63 19 15 95 89 22 57 97 56 25 22 10 80 86 74 67 56 86 28 67 55 51 5 32 91 54 67 4 10 93 13 57 66 87 69 74 45 76 41 59 46 46 55 39 34 76 87 7 47 14 70 58 56 45 12 11 77 48 46 
3 90 99 18 48 86 88 14 29 6 75 50 42 65 35 93 26 86 1 90 51 52 18 5 78 11 53 29 64 96 70 10 72 61 46 70 22 44 74 19 15 67 53 5 70 38 70 90 6 81 23 73 65 62 0 55 69 33 15 95 65 89 98 85 22 2 45 89 14 59 26 37 73 1 90 28 99 16 94 13 
5 71 9 19 90 83 20 66 68 85 15 50 55 15 38 78 90 5 25 91 66 32 87 98 63 20 73 40 24 40 76 9 1 47 8 44 98 20 32 92 95 60 18 61 50 63 89 12 65 32 84 61 20 62 25 84 29 75 74 98 10 42 82 12 23 9 43 64 69 60 90 7 54 69 96 2 98 8 48 29 
16 85 72 45 22 35 73 94 6 59 69 16 25 41 35 1 55 66 86 27 51 20 38 33 40 22 35 72 50 83 38 16 74 76 17 93 22 95 90 39 15 93 16 72 88 62 73 35 91 7 29 2 60 81 91 38 71 92 51 96 19 53 57 69 29 53 96 66 75 62 12 34 89 27 40 63 79 45 59 2 
48 63 19 15 95 89 22 57 97 56 25 22 10 80 86 74 67 56 86 28 67 55 51 5 32 91 54 67 4 10 93 13 57 66 87 69 74 45 76 41 59 46 46 55 39 34 76 87 7 47 14 70 58 56 45 12 11 77 48 46 3 90 99 18 48 86 88 14 29 6 75 50 42 65 35 93 26 86 1 90 
51 52 18 5 78 11 53 29 64 96 70 10 72 61 46 70 22 44 74 19 15 67 53 5 70 38 70 90 6 81 23 73 65 62 0 55 69 33 15 95 65 89 98 85 22 2 45 89 14 59 26 37 73 1 90 28 99 16 94 13 5 71 9 19 90 83 20 66 68 85 15 50 55 15 38 78 90 5 25 91 
66 32 87 98 63 20 73 40 24 40 76 9 1 47 8 44 98 20 32 92 95 60 18 61 50 63 89 12 65 32 84 61 20 62 25 84 29 75 74 98 10 42 82 12 23 9 43 64 69 60 90 7 54 69 96 2 98 8 48 29 16 85 72 45 22 35 73 94 6 59 69 16 25 41 35 1 55 66 86 27 
51 20 38 33 40 22 35 72 50 83 38 16 74 76 17 93 22 95 90 39 15 93 16 72 88 62 73 35 91 7 29 2 60 81 91 38 71 92 51 96 19 53 57 69 29 53 96 66 75 62 12 34 89 27 40 63 79 45 59 2 48 63 19 15 95 89 22 57 97 56 25 22 10 80 86 74 67 56 86 28 
67 55 51 5 32 91 54 67 4 10 93 13 57 66 87 69 74 45 76 41 59 46 46 55 39 34 76 87 7 47 14 70 58 56 45 12 11 77 48 46 3 90 99 18 48 86 88 14 29 6 75 50 42 65 35 93 26 86 1 90 51 52 18 5 78 11 53 29 64 96 70 10 72 61 46 70 22 44 74 19 
15 67 53 5 70 38 70 90 6 81 23 73 65 62 0 55 69 33 15 95 65 89 98 85 22 2 45 89 14 59 26 37 73 1 90 28 99 16 94 13 5 71 9 19 90 83 20 66 68 85 15 50 55 15 38 78 90 5 25 91 66 32 87 98 63 20 73 40 24 40 76 9 1 47 8 44 98 20 32 92 
95 60 18 61 50 63 89 12 65 32 84 61 20 62 25 84 29 75 74 98 10 42 82 12 23 9 43 64 69 60 90 7 54 69 96 2 98 8 48 29 16 85 72 45 22 35 73 94 6 59 69 16 25 41 35 1 55 66 86 27 51 20 38 33 40 22 35 72 50 83 38 16 74 76 17 93 22 95 90 39 
15 93 16 72 88 62 73 35 91 7 29 2 60 81 91 38 71 92 51 96 19 53 57 69 29 53 96 66 75 62 12 34 89 27 40 63 79 45 59 2 48 63 19 15 95 89 22 57 97 56 25 22 10 80 86 74 67 56 86 28 67 55 51 5 32 91 54 67 4 10 93 13 57 66 87 69 74 45 76 41 
59 46 46 55 39 34 76 87 7 47 14 70 58 56 45 12 11 77 48 46 3 90 99 18 48 86 88 14 29 6 75 50 42 65 35 93 26 86 1 90 51 52 18 5 78 11 53 29 64 96 70 10 72 61 46 70 22 44 74 19 15 67 53 5 70 38 70 90 6 81 23 73 65 62 0 55 69 33 15 95 
65 89 98 85 22 2 45 89 14 59 26 37 73 1 90 28 99 16 94 13 5 71 9 19 90 83 20 66 68 85 15 50 55 15 38 78 90 5 25 91 66 32 87 98 63 20 73 40 24 40 76 9 1 47 8 44 98 20 32 92 95 60 18 61 50 63 89 12 65 32 84 61 20 62 25 84 29 75 74 98 
10 42 82 12 23 9 43 64 69 60 90 7 54 69 96 2 98 8 48 29 16 85 72 45 22 35 73 94 6 59 69 16 25 41 35 1 55 66 86 27 51 20 38 33 40 22 35 72 50 83 38 16 74 76 17 93 22 95 90 39 15 93 16 72 88 62 73 35 91 7 29 2 60 81 91 38 71 92 51 96 
19 53 57 69 29 53 96 66 75 62 12 34 89 27 40 63 79 45 59 2 48 63 19 15 95 89 22 57 97 56 25 22 10 80 86 74 67 56 86 28 67 55 51 5 32 91 54 67 4 10 93 13 57 66 87 69 74 45 76 41 59 46 46 55 39 34 76 87 7 47 14 70 58 56 45 12 11 77 48 46 
3 90 99 18 48 86 88 14 29 6 75 50 42 65 35 93 26 86 1 90 51 52 18 5 78 11 53 29 64 96 70 10 72 61 46 70 22 44 74 19 15 67 53 5 70 38 70 90 6 81 23 73 65 62 0 55 69 33 15 95 65 89 98 85 22 2 45 89 14 59 26 37 73 1 90 28 99 16 94 13 
5 71 9 19 90 83 20 66 68 85 15 50 55 15 38 78 90 5 25 91 66 32 87 98 63 20 73 40 24 40 76 9 1 47 8 44 98 20 32 92 95 60 18 61 50 63 89 12 65 32 84 61 20 62 25 84 29 75 74 98 10 42 82 12 23 9 43 64 69 60 90 7 54 69 96 2 98 8 48 29 
16 85 72 45 22 35 73 94 6 59 69 16 25 41 35 1 55 66 86 27 51 20 38 33 40 22 35 72 50 83 38 16 74 76 17 93 22 95 90 39 15 93 16 72 88 62 73 35 91 7 29 2 60 81 91 38 71 92 51 96 19 53 57 69 29 53 96 66 75 62 12 34 89 27 40 63 79 45 59 2 
48 63 19 15 95 89 22 57 97 56 25 22 10 80 86 74 67 56 86 28 67 55 51 5 32 91 54 67 4 10 93 13 57 66 87 69 74 45 76 41 59 46 46 55 39 34 76 87 7 47 14 70 58 56 45 12 11 77 48 46 3 90 99 18 48 86 88 14 29 6 75 50 42 65 35 93 26 86 1 90 
51 52 18 5 78 11 53 29 64 96 70 10 72 61 46 70 22 44 74 19 15 67 53 5 70 38 70 90 6 81 23 73 65 62 0 55 69 33 15 95 65 89 98 85 22 2 45 89 14 59 26 37 73 1 90 28 99 16 94 13 5 71 9 19 90 83 20 66 68 85 15 50 55 15 38 78 90 5 25 91 
66 32 87 98 63 20 73 40 24 40 76 9 1 47 8 44 98 20 32 92 95 60 18 61 50 63 89 12 65 32 84 61 20 62 25 84 29 75 74 98 10 42 82 12 23 9 43 64 69 60 90 7 54 69 96 2 98 8 48 29 16 85 72 45 22 35 73 94 6 59 69 16 25 41 35 1 55 66 86 27 
51 20 38 33 40 22 35 72 50 83 38 16 74 76 17 93 22 95 90 39 15 93 16 72 88 62 73 35 91 7 29 2 60 81 91 38 71 92 51 96 19 53 57 69 29 53 96 66 75 62 12 34 89 27 40 63 79 45 59 2 48 63 19 15 95 89 22 57 97 56 25 22 10 80 86 74 67 56 86 28 
67 55 51 5 32 91 54 67 4 10 93 13 57 66 87 69 74 45 76 41 59 46 46 55 39 34 76 87 7 47 14 70 58 56 45 12 11 77 48 46 3 90 99 18 48 86 88 14 29 6 75 50 42 65 35 93 26 86 1 90 51 52 18 5 78 11 53 29 64 96 70 10 72 61 46 70 22 44 74 19 
15 67 53 5 70 38 70 90 6 81 23 73 65 62 0 55 69 33 15 95 65 89 98 85 22 2 45 89 14 59 26 37 73 1 90 28 99 16 94 13 5 71 9 19 90 83 20 66 68 85 15 50 55 15 38 78 90 5 25 91 66 32 87 98 63 20 73 40 24 40 76 9 1 47 8 44 98 20 32 92 
95 60 18 61 50 63 89 12 65 32 84 61 20 62 25 84 29 75 74 98 10 42 82 12 23 9 43 64 69 60 90 7 54 69 96 2 98 8 48 29 16 85 72 45 22 35 73 94 6 59 69 16 25 41 35 1 55 66 86 27 51 20 38 33 40 22 35 72 50 83 38 16 74 76 17 93 22 95 90 39 
15 93 16 72 88 62 73 35 91 7 29 2 60 81 91 38 71 92 51 96 19 53 57 69 29 53 96 66 75 62 12 34 89 27 40 63 79 45 59 2 48 63 19 15 95 89 22 57 97 56 25 22 10 80 86 74 67 56 86 28 67 55 51 5 32 91 54 67 4 10 93 13 57 66 87 69 74 45 76 41 
59 46 46 55 39 34 76 87 7 47 14 70 58 56 45 12 11 77 48 46 3 90 99 18 48 86 88 14 29 6 75 50 42 65 35 93 26 86 1 90 51 52 18 5 78 11 53 29 64 96 70 10 72 61 46 70 22 44 74 19 15 67 53 5 70 38 70 90 6 81 23 73 65 62 0 55 69 33 15 95 
65 89 98 85 22 2 45 89 14 59 26 37 73 1 90 28 99 16 94 13 5 71 9 19 90 83 20 66 68 85 15 50 55 15 38 78 90 5 25 91 66 32 87 98 63 20 73 40 24 40 76 9 1 47 8 44 98 20 32 92 95 60 18 61 50 63 89 12 65 32 84 61 20 62 25 84 29 75 74 98 
10 42 82 12 23 9 43 64 69 60 90 7 54 69 96 2 98 8 48 29 16 85 72 45 22 35 73 94 6 59 69 16 25 41 35 1 55 66 86 27 51 20 38 33 40 22 35 72 50 83 38 16 74 76 17 93 22 95 90 39 15 93 16 72 88 62 73 35 91 7 29 2 60 81 91 38 71 92 51 96 
19 53 57 69 29 53 96 66 75 62 12 34 89 27 40 63 79 45 59 2 48 63 19 15 95 89 22 57 97 56 25 22 10 80 86 74 67 56 86 28 67 55 51 5 32 91 54 67 4 10 93 13 57 66 87 69 74 45 76 41 59 46 46 55 39 34 76 87 7 47 14 70 58 56 45 12 11 77 48 46 
3 90 99 18 48 86 88 14 29 6 75 50 42 65 35 93 26 86 1 90 51 52 18 5 78 11 53 29 64 96 70 10 72 61 46 70 22 44 74 19 15 67 53 5 70 38 70 90 6 81 23 73 65 62 0 55 69 33 15 95 65 89 98 85 22 2 45 89 14 59 26 37 73 1 90 28 99 16 94 13 
5 71 9 19 90 83 20 66 68 85 15 50 55 15 38 78 90 5 25 91 66 32 87 98 63 20 73 40 24 40 76 9 1 47 8 44 98 20 32 92 95 60 18 61 50 63 89 12 65 32 84 61 20 62 25 84 29 75 74 98 10 42 82 12 23 9 43 64 69 60 90 7 54 69 96 2 98 8 48 29 
16 85 72 45 22 35 73 94 6 59 69 16 25 41 35 1 55 66 86 27 51 20 38 33 40 22 35 72 50 83 38 16 74 76 17 93 22 95 90 39 15 93 16 72 88 62 73 35 91 7 29 2 60 81 91 38 71 92 51 96 19 53 57 69 29 53 96 66 75 62 12 34 89 27 40 63 79 45 59 2 
48 63 19 15 95 89 22 57 97 56 25 22 10 80 86 74 67 56 86 28 67 55 51 5 32 91 54 67 4 10 93 13 57 66 87 69 74 45 76 41 59 46 46 55 39 34 76 87 7 47 14 70 58 56 45 12 11 77 48 46 3 90 99 18 48 86 88 14 29 6 75 50 42 65 35 93 26 86 1 90 
51 52 18 5 78 11 53 29 64 96 70 10 72 61 46 70 22 44 74 19 15 67 53 5 70 38 70 90 6 81 23 73 65 62 0 55 69 33 15 95 65 89 98 85 22 2 45 89 14 59 26 37 73 1 90 28 99 16 94 13 5 71 9 19 90 83 20 66 68 85 15 50 55 15 38 78 90 5 25 91 
66 32 87 98 63 20 73 40 24 40 76 9 1 47 8 44 98 20 32 92 95 60 18 61 50 63 89 12 65 32 84 61 20 62 25 84 29 75 74 98 10 42 82 12 23 9 43 64 69 60 90 7 54 69 96 2 98 8 48 29 16 85 72 45 22 35 73 94 6 59 69 16 25 41 35 1 55 66 86 27 
51 20 38 33 40 22 35 72 50 83 38 16 74 76 17 93 22 95 90 39 15 93 16 72 88 62 73 35 91 7 29 2 60 81 91 38 71 92 51 96 19 53 57 69 29 53 96 66 75 62 12 34 89 27 40 63 79 45 59 2 48 63 19 15 95 89 22 57 97 56 25 22 10 80 86 74 67 56 86 28 
67 55 51 5 32 91 54 67 4 10 93 13 57 66 87 69 74 45 76 41 59 46 46 55 39 34 76 87 7 47 14 70 58 56 45 12 11 77 48 46 3 90 99 18 48 86 88 14 29 6 75 50 42 65 35 93 26 86 1 90 51 52 18 5 78 11 53 29 64 96 70 10 72 61 46 70 22 44 74 19 
15 67 53 5 70 38 70 90 6 81 23 73 65 62 0 55 69 33 15 95 65 89 98 85 22 2 45 89 14 59 26 37 73 1 90 28 99 16 94 13 5 71 9 19 90 83 20 66 68 85 15 50 55 15 38 78 90 5 25 91 66 32 87 98 63 20 73 40 24 40 76 9 1 47 8 44 98 20 32 92 
95 60 18 61 50 63 89 12 65 32 84 61 20 62 25 84 29 75 74 98 10 42 82 12 23 9 43 64 69 60 90 7 54 69 96 2 98 8 48 29 16 85 72 45 22 35 73 94 6 59 69 16 25 41 35 1 55 66 86 27 51 20 38 33 40 22 35 72 50 83 38 16 74 76 17 93 22 95 90 39 
15 93 16 72 88 62 73 35 91 7 29 2 60 81 91 38 71 92 51 96 19 53 57 69 29 53 96 66 75 62 12 34 89 27 40 63 79 45 59 2 48 63 19 15 95 89 22 57 97 56 25 22 10 80 86 74 67 56 86 28 67 55 51 5 32 91 54 67 4 10 93 13 57 66 87 69 74 45 76 41 
59 46 46 55 39 34 76 87 7 47 14 70 58 56 45 12 11 77 48 46 3 90 99 18 48 86 88 14 29 6 75 50 42 65 35 93 26 86 1 90 51 52 18 5 78 11 53 29 64 96 70 10 72 61 46 70 22 44 74 19 15 67 53 5 70 38 70 90 6 81 23 73 65 62 0 55 69 33 15 95 
65 89 98 85 22 2 45 89 14 59 26 37 73 1 90 28 99 16 94 13 5 71 9 19 90 83 20 66 68 85 15 50 55 15 38 78 90 5 25 91 66 32 87 98 63 20 73 40 24 40 76 9 1 47 8 44 98 20 32 92 95 60 18 61 50 63 89 12 65 32 84 61 20 62 25 84 29 75 74 98 
10 42 82 12 23 9 43 64 69 60 90 7 54 69 96 2 98 8 48 29 16 85 72 45 22 35 73 94 6 59 69 16 25 41 35 1 55 66 86 27 51 20 38 33 40 22 35 72 50 83 38 16 74 76 17 93 22 95 90 39 15 93 16 72 88 62 73 35 91 7 29 2 60 81 91 38 71 92 51 96 
19 53 57 69 29 53 96 66 75 62 12 34 89 27 40 63 79 45 59 2 48 63 19 15 95 89 22 57 97 56 25 22 10 80 86 74 67 56 86 28 67 55 51 5 32 91 54 67 4 10 93 13 57 66 87 69 74 45 76 41 59 46 46 55 39 34 76 87 7 47 14 70 58 56 45 12 11 77 48 46 
3 90 99 18 48 86 88 14 29 6 75 50 42 65 35 93 26 86 1 90 51 52 18 5 78 11 53 29 64 96 70 10 72 61 46 70 22 44 74 19 15 67 53 5 70 38 70 90 6 81 23 73 65 62 0 55 69 33 15 95 65 89 98 85 22 2 45 89 14 59 26 37 73 1 90 28 99 16 94 13 
5 71 9 19 90 83 20 66 68 85 15 50 55 15 38 78 90 5 25 91 66 32 87 98 63 20 73 40 24 40 76 9 1 47 8 44 98 20 32 92 95 60 18 61 50 63 89 12 65 32 84 61 20 62 25 84 29 75 74 98 10 42 82 12 23 9 43 64 69 60 90 7 54 69 96 2 98 8 48 29 
16 85 72 45 22 35 73 94 6 59 69 16 25 41 35 1 55 66 86 27 51 20 38 33 40 22 35 72 50 83 38 16 74 76 17 93 22 95 90 39 15 93 16 72 88 62 73 35 91 7 29 2 60 81 91 38 71 92 51 96 19 53 57 69 29 53 96 66 75 62 12 34 89 27 40 63 79 45 59 2 
48 63 19 15 95 89 22 57 97 56 25 22 10 80 86 74 67 56 86 28 67 55 51 5 32 91 54 67 4 10 93 13 57 66 87 69 74 45 76 41 59 46 46 55 39 34 76 87 7 47 14 70 58 56 45 12 11 77 48 46 3 90 99 18 48 86 88 14 29 6 75 50 42 65 35 93 26 86 1 90 
51 52 18 5 78 11 53 29 64 96 70 10 72 61 46 70 22 44 74 19 15 67 53 5 70 38 70 90 6 81 23 73 65 62 0 55 69 33 15 95 65 89 98 85 22 2 45 89 14 59 26 37 73 1 90 28 99 16 94 13 5 71 9 19 90 83 20 66 68 85 15 50 55 15 38 78 90 5 25 91 
66 32 87 98 63 20 73 40 24 40 76 9 1 47 8 44 98 20 32 92 95 60 18 61 50 63 89 12 65 32 84 61 20 62 25 84 29 75 74 98 10 42 82 12 23 9 43 64 69 60 90 7 54 69 96 2 98 8 48 29 16 85 72 45 22 35 73 94 6 59 69 16 25 41 35 1 55 66 86 27 
51 20 38 33 40 22 35 72 50 83 38 16 74 76 17 93 22 95 90 39 15 93 16 72 88 62 73 35 91 7 29 2 60 81 91 38 71 92 51 96 19 53 57 69 29 53 96 66 75 62 12 34 89 27 40 63 79 45 59 2 48 63 19 15 95 89 22 57 97 56 25 22 10 80 86 74 67 56 86 28 
67 55 51 5 32 91 54 67 4 10 93 13 57 66 87 69 74 45 76 41 59 46 46 55 39 34 76 87 7 47 14 70 58 56 45 12 11 77 48 46 3 90 99 18 48 86 88 14 29 6 75 50 42 65 35 93 26 86 1 90 51 52 18 5 78 11 53 29 64 96 70 10 72 61 46 70 22 44 74 19 
15 67 53 5 70 38 70 90 6 81 23 73 65 62 0 55 69 33 15 95 65 89 98 85 22 2 45 89 14 59 26 37 73 1 90 28 99 16 94 13 5 71 9 19 90 83 20 66 68 85 15 50 55 15 38 78 90 5 25 91 66 32 87 98 63 20 73 40 24 40 76 9 1 47 8 44 98 20 32 92 
95 60 18 61 50 63 89 12 65 32 84 61 20 62 25 84 29 75 74 98 10 42 82 12 23 9 43 64 69 60 90 7 54 69 96 2 98 8 48 29 16 85 72 45 22 35 73 94 6 59 69 16 25 41 35 1 55 66 86 27 51 20 38 33 40 22 35 72 50 83 38 16 74 76 17 93 22 95 90 39 
15 93 16 72 88 62 73 35 91 7 29 2 60 81 91 38 71 92 51 96 19 53 57 69 29 53 96 66 75 62 12 34 89 27 40 63 79 45 59 2 48 63 19 15 95 89 22 57 97 56 25 22 10 80 86 74 67 56 86 28 67 55 51 5 32 91 54 67 4 10 93 13 57 66 87 69 74 45 76 41 
59 46 46 55 39 34 76 87 7 47 14 70 58 56 45 12 11 77 48 46 3 90 99 18 48 86 88 14 29 6 75 50 42 65 35 93 26 86 1 90 51 52 18 5 78 11 53 29 64 96 70 10 72 61 46 70 22 44 74 19 15 67 53 5 70 38 70 90 6 81 23 73 65 62 0 55 69 33 15 95 
65 89 98 85 22 2 45 89 14 59 26 37 73 1 90 28 99 16 94 13 5 71 9 19 90 83 20 66 68 85 15 50 55 15 38 78 90 5 25 91 66 32 87 98 63 20 73 40 24 40 76 9 1 47 8 44 98 20 32 92 95 60 18 61 50 63 89 12 65 32 84 61 20 62 25 84 29 75 74 98 
10 42 82 12 23 9 43 64 69 60 90 7 54 69 96 2 98 8 48 29 16 85 72 45 22 35 73 94 6 59 69 16 25 41 35 1 55 66 86 27 51 20 38 33 40 22 35 72 50 83 38 16 74 76 17 93 22 95 90 39 15 93 16 72 88 62 73 35 91 7 29 2 60 81 91 38 71 92 51 96 
19 53 57 69 29 53 96 66 75 62 12 34 89 27 40 63 79 45 59 2 48 63 19 15 95 89 22 57 97 56 25 22 10 80 86 74 67 56 86 28 67 55 51 5 32 91 54 67 4 10 93 13 57 66 87 69 74 45 76 41 59 46 46 55 39 34 76 87 7 47 14 70 58 56 45 12 11 77 48 46 
3 90 99 18 48 86 88 14 29 6 75 50 42 65 35 93 26 86 1 90 51 52 18 5 78 11 53 29 64 96 70 10 72 61 46 70 22 44 74 19 15 67 53 5 70 38 70 90 6 81 23 73 65 62 0 55 69 33 15 95 65 89 98 85 22 2 45 89 14 59 26 37 73 1 90 28 99 16 94 13 
5 71 9 19 90 83 20 66 68 85 15 50 55 15 38 78 90 5 25 91 66 32 87 98 63 20 73 40 24 40 76 9 1 47 8 44 98 20 32 92 95 60 18 61 50 63 89 12 65 32 84 61 20 62 25 84 29 75 74 98 10 42 82 12 23 9 43 64 69 60 90 7 54 69 96 2 98 8 48 29 
16 85 72 45 22 35 73 94 6 59 69 16 25 41 35 1 55 66 86 27 51 20 38 33 40 22 35 72 50 83 38 16 74 76 17 93 22 95 90 39 15 93 16 72 88 62 73 35 91 7 29 2 60 81 91 38 71 92 51 96 19 53 57 69 29 53 96 66 75 62 12 34 89 27 40 63 79 45 59 2 
48 63 19 15 95 89 22 57 97 56 25 22 10 80 86 74 67 56 86 28 67 55 51 5 32 91 54 67 4 10 93 13 57 66 87 69 74 45 76 41 59 46 46 55 39 34 76 87 7 47 14 70 58 56 45 12 11 77 48 46 3 90 99 18 48 86 88 14 29 6 75 50 42 65 35 93 26 86 1 90 
51 52 18 5 78 11 53 29 64 96 70 10 72 61 46 70 22 44 74 19 15 67 53 5 70 38 70 90 6 81 23 73 65 62 0 55 69 33 15 95 65 89 98 85 22 2 45 89 14 59 26 37 73 1 90 28 99 16 94 13 5 71 9 19 90 83 20 66 68 85 15 50 55 15 38 78 90 5 25 91 
66 32 87 98 63 20 73 40 24 40 76 9 1 47 8 44 98 20 32 92 95 60 18 61 50 63 89 12 65 32 84 61 20 62 25 84 29 75 74 98 10 42 82 12 23 9 43 64 69 60 90 7 54 69 96 2 98 8 48 29 16 85 72 45 22 35 73 94 6 59 69 16 25 41 35 1 55 66 86 27 
51 20 38 33 40 22 35 72 50 83 38 16 74 76 17 93 22 95 90 39 15 93 16 72 88 62 73 35 91 7 29 2 60 81 91 38 71 92 51 96 19 53 57 69 29 53 96 66 75 62 12 34 89 27 40 63 79 45 59 2 48 63 19 15 95 89 22 57 97 56 25 22 10 80 86 74 67 56 86 28 
67 55 51 5 32 91 54 67 4 10 93 13 57 66 87 69 74 45 76 41 59 46 46 55 39 34 76 87 7 47 14 70 58 56 45 12 11 77 48 46 3 90 99 18 48 86 88 14 29 6 75 50 42 65 35 93 26 86 1 90 51 52 18 5 78 11 53 29 64 96 70 10 72 61 46 70 22 44 74 19 
15 67 53 5 70 38 70 90 6 81 23 73 65 62 0 55 69 33 15 95 65 89 98 85 22 2 45 89 14 59 26 37 73 1 90 28 99 16 94 13 5 71 9 19 90 83 20 66 68 85 15 50 55 15 38 78 90 5 25 91 66 32 87 98 63 20 73 40 24 40 76 9 1 47 8 44 98 20 32 92 
95 60 18 61 50 63 89 12 65 32 84 61 20 62 25 84 29 75 74 98 10 42 82 12 23 9 43 64 69 60 90 7 54 69 96 2 98 8 48 29 16 85 72 45 22 35 73 94 6 59 69 16 25 41 35 1 55 66 86 27 51 20 38 33 40 22 35 72 50 83 38 16 74 76 17 93 22 95 90 39 
15 93 16 72 88 62 73 35 91 7 29 2 60 81 91 38 71 92 51 96 19 53 57 69 29 53 96 66 75 62 12 34 89 27 40 63 79 45 59 2 48 63 19 15 95 89 22 57 97 56 25 22 10 80 86 74 67 56 86 28 67 55 51 5 32 91 54 67 4 10 93 13 57 66 87 69 74 45 76 41 
59 46 46 55 39 34 76 87 7 47 14 70 58 56 45 12 11 77 48 46 3 90 99 18 48 86 88 14 29 6 75 50 42 65 35 93 26 86 1 90 51 52 18 5 78 11 53 29 64 96 70 10 72 61 46 70 22 44 74 19 15 67 53 5 70 38 70 90 6 81 23 73 65 62 0 55 69 33 15 95 
65 89 98 85 22 2 45 89 14 59 26 37 73 1 90 28 99 16 94 13 5 71 9 19 90 83 20 66 68 85 15 50 55 15 38 78 90 5 25 91 66 32 87 98 63 20 73 40 24 40 76 9 1 47 8 44 98 20 32 92 95 60 18 61 50 63 89 12 65 32 84 61 20 62 25 84 29 75 74 98 
10 42 82 12 23 9 43 64 69 60 90 7 54 69 96 2 98 8 48 29 16 85 72 45 22 35 73 94 6 59 69 16 25 41 35 1 55 66 86 27 51 20 38 33 40 22 35 72 50 83 38 16 74 76 17 93 22 95 90 39 15 93 16 72 88 62 73 35 91 7 29 2 60 81 91 38 71 92 51 96 
19 53 57 69 29 53 96 66 75 62 12 34 89 27 40 63 79 45 59 2 48 63 19 15 95 89 22 57 97 56 25 22 10 80 86 74 67 56 86 28 67 55 51 5 32 91 54 67 4 10 93 13 57 66 87 69 74 45 76 41 59 46 46 55 39 34 76 87 7 47 14 70 58 56 45 12 11 77 48 46 
3 90 99 18 48 86 88 14 29 6 75 50 42 65 35 93 26 86 1 90 51 52 18 5 78 11 53 29 64 96 70 10 72 61 46 70 22 44 74 19 15 67 53 5 70 38 70 90 6 81 23 73 65 62 0 55 69 33 15 95 65 89 98 85 22 2 45 89 14 59 26 37 73 1 90 28 99 16 94 13 
5 71 9 19 90 83 20 66 68 85 15 50 55 15 38 78 90 5 25 91 66 32 87 98 63 20 73 40 24 40 76 9 1 47 8 44 98 20 32 92 95 60 18 61 50 63 89 12 65 32 84 61 20 62 25 84 29 75 74 98 10 42 82 12 23 9 43 64 69 60 90 7 54 69 96 2 98 8 48 29 
16 85 72 45 22 35 73 94 6 59 69 16 25 41 35 1 55 66 86 27 51 20 38 33 40 22 35 72 50 83 38 16 74 76 17 93 22 95 90 39 15 93 16 72 88 62 73 35 91 7 29 2 60 81 91 38 71 92 51 96 19 53 57 69 29 53 96 66 75 62 12 34 89 27 40 63 79 45 59 2 
48 63 19 15 95 89 22 57 97 56 25 22 10 80 86 74 67 56 86 28 67 55 51 5 32 91 54 67 4 10 93 13 57 66 87 69 74 45 76 41 59 46 46 55 39 34 76 87 7 47 14 70 58 56 45 12 11 77 48 46 3 90 99 18 48 86 88 14 29 6 75 50 42 65 35 93 26 86 1 90 
51 52 18 5 78 11 53 29 64 96 70 10 72 61 46 70 22 44 74 19 15 67 53 5 70 38 70 90 6 81 23 73 65 62 0 55 69 33 15 95 65 89 98 85 22 2 45 89 14 59 26 37 73 1 90 28 99 16 94 13 5 71 9 19 90 83 20 66 68 85 15 50 55 15 38 78 90 5 25 91 
66 32 87 98 63 20 73 40 24 40 76 9 1 47 8 44 98 20 32 92 95 60 18 61 50 63 89 12 65 32 84 61 20 62 25 84 29 75 74 98 10 42 82 12 23 9 43 64 69 60 90 7 54 69 96 2 98 8 48 29 16 85 72 45 22 35 73 94 6 59 69 16 25 41 35 1 55 66 86 27 
51 20 38 33 40 22 35 72 50 83 38 16 74 76 17 93 22 95 90 39 15 93 16 72 88 62 73 35 91 7 29 2 60 81 91 38 71 92 51 96 19 53 57 69 29 53 96 66 75 62 12 34 89 27 40 63 79 45 59 2 48 63 19 15 95 89 22 57 97 56 25 22 10 80 86 74 67 56 86 28 
67 55 51 5 32 91 54 67 4 10 93 13 57 66 87 69 74 45 76 41 59 46 46 55 39 34 76 87 7 47 14 70 58 56 45 12 11 77 48 46 3 90 99 18 48 86 88 14 29 6 75 50 42 65 35 93 26 86 1 90 51 52 18 5 78 11 53 29 64 96 70 10 72 61 46 70 22 44 74 19 
15 67 53 5 70 38 70 90 6 81 23 73 65 62 0 55 69 33 15 95 65 89 98 85 22 2 45 89 14 59 26 37 73 1 90 28 99 16 94 13 5 71 9 19 90 83 20 66 68 85 15 50 55 15 38 78 90 5 25 91 66 32 87 98 63 20 73 40 24 40 76 9 1 47 8 44 98 20 32 92 
95 60 18 61 50 63 89 12 65 32 84 61 20 62 25 84 29 75 74 98 10 42 82 12 23 9 43 64 69 60 90 7 54 69 96 2 98 8 48 29 16 85 72 45 22 35 73 94 6 59 69 16 25 41 35 1 55 66 86 27 51 20 38 33 40 22 35 72 50 83 38 16 74 76 17 93 22 95 90 39 
15 93 16 72 88 62 73 35 91 7 29 2 60 81 91 38 71 92 51 96 19 53 57 69 29 53 96 66 75 62 12 34 89 27 40 63 79 45 59 2 48 63 19 15 95 89 22 57 97 56 25 22 10 80 86 74 67 56 86 28 67 55 51 5 32 91 54 67 4 10 93 13 57 66 87 69 74 45 76 41 
59 46 46 55 39 34 76 87 7 47 14 70 58 56 45 12 11 77 48 46 3 90 99 18 48 86 88 14 29 6 75 50 42 65 35 93 26 86 1 90 51 52 18 5 78 11 53 29 64 96 70 10 72 61 46 70 22 44 74 19 15 67 53 5 70 38 70 90 6 81 23 73 65 62 0 55 69 33 15 95 
65 89 98 85 22 2 45 89 14 59 26 37 73 1 90 28 99 16 94 13 5 71 9 19 90 83 20 66 68 85 15 50 55 15 38 78 90 5 25 91 66 32 87 98 63 20 73 40 24 40 76 9 1 47 8 44 98 20 32 92 95 60 18 61 50 63 89 12 65 32 84 61 20 62 25 84 29 75 74 98 
10 42 82 12 23 9 43 64 69 60 90 7 54 69 96 2 98 8 48 29 16 85 72 45 22 35 73 94 6 59 69 16 25 41 35 1 55 66 86 27 51 20 38 33 40 22 35 72 50 83 38 16 74 76 17 93 22 95 90 39 15 93 16 72 88 62 73 35 91 7 29 2 60 81 91 38 71 92 51 96 
19 53 57 69 29 53 96 66 75 62 12 34 89 27 40 63 79 45 59 2 48 63 19 15 95 89 22 57 97 56 25 22 10 80 86 74 67 56 86 28 67 55 51 5 32 91 54 67 4 10 93 13 57 66 87 69 74 45 76 41 59 46 46 55 39 34 76 87 7 47 14 70 58 56 45 12 11 77 48 46 
3 90 99 18 48 86 88 14 29 6 75 50 42 65 35 93 26 86 1 90 51 52 18 5 78 11 53 29 64 96 70 10 72 61 46 70 22 44 74 19 15 67 53 5 70 38 70 90 6 81 23 73 65 62 0 55 69 33 15 95 65 89 98 85 22 2 45 89 14 59 26 37 73 1 90 28 99 16 94 13 
5 71 9 19 90 83 20 66 68 85 15 50 55 15 38 78 90 5 25 91 66 32 87 98 63 20 73 40 24 40 76 9 1 47 8 44 98 20 32 92 95 60 18 61 50 63 89 12 65 32 84 61 20 62 25 84 29 75 74 98 10 42 82 12 23 9 43 64 69 60 90 7 54 69 96 2 98 8 48 29 
16 85 72 45 22 35 73 94 6 59 69 16 25 41 35 1 55 66 86 27 51 20 38 33 40 22 35 72 50 83 38 16 74 76 17 93 22 95 90 39 15 93 16 72 88 62 73 35 91 7 29 2 60 81 91 38 71 92 51 96 19 53 57 69 29 53 96 66 75 62 12 34 89 27 40 63 79 45 59 2 
48 63 19 15 95 89 22 57 97 56 25 22 10 80 86 74 67 56 86 28 67 55 51 5 32 91 54 67 4 10 93 13 57 66 87 69 74 45 76 41 59 46 46 55 39 34 76 87 7 47 14 70 58 56 45 12 11 77 48 46 3 90 99 18 48 86 88 14 29 6 75 50 42 65 35 93 26 86 1 90 
51 52 18 5 78 11 53 29 64 96 70 10 72 61 46 70 22 44 74 19 15 67 53 5 70 38 70 90 6 81 23 73 65 62 0 55 69 33 15 95 65 89 98 85 22 2 45 89 14 59 26 37 73 1 90 28 99 16 94 13 5 71 9 19 90 83 20 66 68 85 15 50 55 15 38 78 90 5 25 91 
66 32 87 98 63 20 73 40 24 40 76 9 1 47 8 44 98 20 32 92 95 60 18 61 50 63 89 12 65 32 84 61 20 62 25 84 29 75 74 98 10 42 82 12 23 9 43 64 69 60 90 7 54 69 96 2 98 8 48 29 16 85 72 45 22 35 73 94 6 59 69 16 25 41 35 1 55 66 86 27 
51 20 38 33 40 22 35 72 50 83 38 16 74 76 17 93 22 95 90 39 15 93 16 72 88 62 73 35 91 7 29 2 60 81 91 38 71 92 51 96 19 53 57 69 29 53 96 66 75 62 12 34 89 27 40 63 79 45 59 2 48 63 19 15 95 89 22 57 97 56 25 22 10 80 86 74 67 56 86 28 
67 55 51 5 32 91 54 67 4 10 93 13 57 66 87 69 74 45 76 41 59 46 46 55 39 34 76 87 7 47 14 70 58 56 45 12 11 77 48 46 3 90 99 18 48 86 88 14 29 6 75 50 42 65 35 93 26 86 1 90 51 52 18 5 78 11 53 29 64 96 70 10 72 61 46 70 22 44 74 19 
15 67 53 5 70 38 70 90 6 81 23 73 65 62 0 55 69 33 15 95 65 89 98 85 22 2 45 89 14 59 26 37 73 1 90 28 99 16 94 13 5 71 9 19 90 83 20 66 68 85 15 50 55 15 38 78 90 5 25 91 66 32 87 98 63 20 73 40 24 40 76 9 1 47 8 44 98 20 32 92 
95 60 18 61 50 63 89 12 65 32 84 61 20 62 25 84 29 75 74 98 10 42 82 12 23 9 43 64 69 60 90 7 54 69 96 2 98 8 48 29 16 85 72 45 22 35 73 94 6 59 69 16 25 41 35 1 55 66 86 27 51 20 38 33 40 22 35 72 50 83 38 16 74 76 17 93 22 95 90 39 
15 93 16 72 88 62 73 35 91 7 29 2 60 81 91 38 71 92 51 96 19 53 57 69 29 53 96 66 75 62 12 34 89 27 40 63 79 45 59 2 48 63 19 15 95 89 22 57 97 56 25 22 10 80 86 74 67 56 86 28 67 55 51 5 32 91 54 67 4 10 93 13 57 66 87 69 74 45 76 41 
59 46 46 55 39 34 76 87 7 47 14 70 58 56 45 12 11 77 48 46 3 90 99 18 48 86 88 14 29 6 75 50 42 65 35 93 26 86 1 90 51 52 18 5 78 11 53 29 64 96 70 10 72 61 46 70 22 44 74 19 15 67 53 5 70 38 70 90 6 81 23 73 65 62 0 55 69 33 15 95 
65 89 98 85 22 2 45 89 14 59 26 37 73 1 90 28 99 16 94 13 5 71 9 19 90 83 20 66 68 85 15 50 55 15 38 78 90 5 25 91 66 32 87 98 63 20 73 40 24 40 76 9 1 47 8 44 98 20 32 92 95 60 18 61 50 63 89 12 65 32 84 61 20 62 25 84 29 75 74 98 
10 42 82 12 23 9 43 64 69 60 90 7 54 69 96 2 98 8 48 29 16 85 72 45 22 35 73 94 6 59 69 16 25 41 35 1 55 66 86 27 51 20 38 33 40 22 35 72 50 83 38 16 74 76 17 93 22 95 90 39 15 93 16 72 88 62 73 35 91 7 29 2 60 81 91 38 71 92 51 96 
19 53 57 69 29 53 96 66 75 62 12 34 89 27 40 63 79 45 59 2 48 63 19 15 95 89 22 57 97 56 25 22 10 80 86 74 67 56 86 28 67 55 51 5 32 91 54 67 4 10 93 13 57 66 87 69 74 45 76 41 59 46 46 55 39 34 76 87 7 47 14 70 58 56 45 12 11 77 48 46 
3 90 99 18 48 86 88 14 29 6 75 50 42 65 35 93 26 86 1 90 51 52 18 5 78 11 53 29 64 96 70 10 72 61 46 70 22 44 74 19 15 67 53 5 70 38 70 90 6 81 23 73 65 62 0 55 69 33 15 95 65 89 98 85 22 2 45 89 14 59 26 37 73 1 90 28 99 16 94 13 
5 71 9 19 90 83 20 66 68 85 15 50 55 15 38 78 90 5 25 91 66 32 87 98 63 20 73 40 24 40 76 9 1 47 8 44 98 20 32 92 95 60 18 61 50 63 89 12 65 32 84 61 20 62 25 84 29 75 74 98 10 42 82 12 23 9 43 64 69 60 90 7 54 69 96 2 98 8 48 29 
16 85 72 45 22 35 73 94 6 59 69 16 25 41 35 1 55 66 86 27 51 20 38 33 40 22 35 72 50 83 38 16 74 76 17 93 22 95 90 39 15 93 16 72 88 62 73 35 91 7 29 2 60 81 91 38 71 92 51 96 19 53 57 69 29 53 96 66 75 62 12 34 89 27 40 63 79 45 59 2 
48 63 19 15 95 89 22 57 97 56 25 22 10 80 86 74 67 56 86 28 67 55 51 5 32 91 54 67 4 10 93 13 57 66 87 69 74 45 76 41 59 46 46 55 39 34 76 87 7 47 14 70 58 56 45 12 11 77 48 46 3 90 99 18 48 86 88 14 29 6 75 50 42 65 35 93 26 86 1 90 
51 52 18 5 78 11 53 29 64 96 70 10 72 61 46 70 22 44 74 19 15 67 53 5 70 38 70 90 6 81 23 73 65 62 0 55 69 33 15 95 65 89 98 85 22 2 45 89 14 59 26 37 73 1 90 28 99 16 94 13 5 71 9 19 90 83 20 66 68 85 15 50 55 15 38 78 90 5 25 91 
66 32 87 98 63 20 73 40 24 40 76 9 1 47 8 44 98 20 32 92 95 60 18 61 50 63 89 12 65 32 84 61 20 62 25 84 29 75 74 98 10 42 82 12 23 9 43 64 69 60 90 7 54 69 96 2 98 8 48 29 16 85 72 45 22 35 73 94 6 59 69 16 25 41 35 1 55 66 86 27 
51 20 38 33 40 22 35 72 50 83 38 16 74 76 17 93 22 95 90 39 15 93 16 72 88 62 73 35 91 7 29 2 60 81 91 38 71 92 51 96 19 53 57 69 29 53 96 66 75 62 12 34 89 27 40 63 79 45 59 2 48 63 19 15 95 89 22 57 97 56 25 22 10 80 86 74 67 56 86 28 
67 55 51 5 32 91 54 67 4 10 93 13 57 66 87 69 74 45 76 41 59 46 46 55 39 34 76 87 7 47 14 70 58 56 45 12 11 77 48 46 3 90 99 18 48 86 88 14 29 6 75 50 42 65 35 93 26 86 1 90 51 52 18 5 78 11 53 29 64 96 70 10 72 61 46 70 22 44 74 19 
15 67 53 5 70 38 70 90 6 81 23 73 65 62 0 55 69 33 15 95 65 89 98 85 22 2 45 89 14 59 26 37 73 1 90 28 99 16 94 13 5 71 9 19 90 83 20 66 68 85 15 50 55 15 38 78 90 5 25 91 66 32 87 98 63 20 73 40 24 40 76 9 1 47 8 44 98 20 32 92 
95 60 18 61 50 63 89 12 65 32 84 61 20 62 25 84 29 75 74 98 10 42 82 12 23 9 43 64 69 60 90 7 54 69 96 2 98 8 48 29 16 85 72 45 22 35 73 94 6 59 69 16 25 41 35 1 55 66 86 27 51 20 38 33 40 22 35 72 50 83 38 16 74 76 17 93 22 95 90 39 
15 93 16 72 88 62 73 35 91 7 29 2 60 81 91 38 71 92 51 96 19 53 57 69 29 53 96 66 75 62 12 34 89 27 40 63 79 45 59 2 48 63 19 15 95 89 22 57 97 56 25 22 10 80 86 74 67 56 86 28 67 55 51 5 32 91 54 67 4 10 93 13 57 66 87 69 74 45 76 41 
59 46 46 55 39 34 76 87 7 47 14 70 58 56 45 12 11 77 48 46 3 90 99 18 48 86 88 14 29 6 75 50 42 65 35 93 26 86 1 90 51 52 18 5 78 11 53 29 64 96 70 10 72 61 46 70 22 44 74 19 15 67 53 5 70 38 70 90 6 81 23 73 65 62 0 55 69 33 15 95 
65 89 98 85 22 2 45 89 14 59 26 37 73 1 90 28 99 16 94 13 5 71 9 19 90 83 20 66 68 85 15 50 55 15 38 78 90 5 25 91 66 32 87 98 63 20 73 40 24 40 76 9 1 47 8 44 98 20 32 92 95 60 18 61 50 63 89 12 65 32 84 61 20 62 25 84 29 75 74 98 
10 42 82 12 23 9 43 64 69 60 90 7 54 69 96 2 98 8 48 29 16 85 72 45 22 35 73 94 6 59 69 16 25 41 35 1 55 66 86 27 51 20 38 33 40 22 35 72 50 83 38 16 74 76 17 93 22 95 90 39 15 93 16 72 88 62 73 35 91 7 29 2 60 81 91 38 71 92 51 96 
19 53 57 69 29 53 96 66 75 62 12 34 89 27 40 63 79 45 59 2 48 63 19 15 95 89 22 57 97 56 25 22 10 80 86 74 67 56 86 28 67 55 51 5 32 91 54 67 4 10 93 13 57 66 87 69 74 45 76 41 59 46 46 55 39 34 76 87 7 47 14 70 58 56 45 12 11 77 48 46 
3 90 99 18 48 86 88 14 29 6 75 50 42 65 35 93 26 86 1 90 51 52 18 5 78 11 53 29 64 96 70 10 72 61 46 70 22 44 74 19 15 67 53 5 70 38 70 90 6 81 23 73 65 62 0 55 69 33 15 95 65 89 98 85 22 2 45 89 14 59 26 37 73 1 90 28 99 16 94 13 
5 71 9 19 90 83 20 66 68 85 15 50 55 15 38 78 90 5 25 91 66 32 87 98 63 20 73 40 24 40 76 9 1 47 8 44 98 20 32 92 95 60 18 61 50 63 89 12 65 32 84 61 20 62 25 84 29 75 74 98 10 42 82 12 23 9 43 64 69 60 90 7 54 69 96 2 98 8 48 29 
16 85 72 45 22 35 73 94 6 59 69 16 25 41 35 1 55 66 86 27 51 20 38 33 40 22 35 72 50 83 38 16 74 76 17 93 22 95 90 39 15 93 16 72 88 62 73 35 91 7 29 2 60 81 91 38 71 92 51 96 19 53 57 69 29 53 96 66 75 62 12 34 89 27 40 63 79 45 59 2 
48 63 19 15 95 89 22 57 97 56 25 22 10 80 86 74 67 56 86 28 67 55 51 5 32 91 54 67 4 10 93 13 57 66 87 69 74 45 76 41 59 46 46 55 39 34 76 87 7 47 14 70 58 56 45 12 11 77 48 46 3 90 99 18 48 86 88 14 29 6 75 50 42 65 35 93 26 86 1 90 
51 52 18 5 78 11 53 29 64 96 70 10 72 61 46 70 22 44 74 19 15 67 53 5 70 38 70 90 6 81 23 73 65 62 0 55 69 33 15 95 65 89 98 85 22 2 45 89 14 59 26 37 73 1 90 28 99 16 94 13 5 71 9 19 90 83 20 66 68 85 15 50 55 15 38 78 90 5 25 91 
66 32 87 98 63 20 73 40 24 40 76 9 1 47 8 44 98 20 32 92 95 60 18 61 50 63 89 12 65 32 84 61 20 62 25 84 29 75 74 98 10 42 82 12 23 9 43 64 69 60 90 7 54 69 96 2 98 8 48 29 16 85 72 45 22 35 73 94 6 59 69 16 25 41 35 1 55 66 86 27 
51 20 38 33 40 22 35 72 50 83 38 16 74 76 17 93 22 95 90 39 15 93 16 72 88 62 73 35 91 7 29 2 60 81 91 38 71 92 51 96 19 53 57 69 29 53 96 66 75 62 12 34 89 27 40 63 79 45 59 2 48 63 19 15 95 89 22 57 97 56 25 22 10 80 86 74 67 56 86 28 
67 55 51 5 32 91 54 67 4 10 93 13 57 66 87 69 74 45 76 41 59 46 46 55 39 34 76 87 7 47 14 70 58 56 45 12 11 77 48 46 3 90 99 18 48 86 88 14 29 6 75 50 42 65 35 93 26 86 1 90 51 52 18 5 78 11 53 29 64 96 70 10 72 61 46 70 22 44 74 19 
15 67 53 5 70 38 70 90 6 81 23 73 65 62 0 55 69 33 15 95 65 89 98 85 22 2 45 89 14 59 26 37 73 1 90 28 99 16 94 13 5 71 9 19 90 83 20 66 68 85 15 50 55 15 38 78 90 5 25 91 66 32 87 98 63 20 73 40 24 40 76 9 1 47 8 44 98 20 32 92 
95 60 18 61 50 63 89 12 65 32 84 61 20 62 25 84 29 75 74 98 10 42 82 12 23 9 43 64 69 60 90 7 54 69 96 2 98 8 48 29 16 85 72 45 22 35 73 94 6 59 69 16 25 41 35 1 55 66 86 27 51 20 38 33 40 22 35 72 50 83 38 16 74 76 17 93 22 95 90 39 
15 93 16 72 88 62 73 35 91 7 29 2 60 81 91 38 71 92 51 96 19 53 57 69 29 53 96 66 75 62 12 34 89 27 40 63 79 45 59 2 48 63 19 15 95 89 22 57 97 56 25 22 10 80 86 74 67 56 86 28 67 55 51 5 32 91 54 67 4 10 93 13 57 66 87 69 74 45 76 41 
59 46 46 55 39 34 76 87 7 47 14 70 58 56 45 12 11 77 48 46 3 90 99 18 48 86 88 14 29 6 75 50 42 65 35 93 26 86 1 90 51 52 18 5 78 11 53 29 64 96 70 10 72 61 46 70 22 44 74 19 15 67 53 5 70 38 70 90 6 81 23 73 65 62 0 55 69 33 15 95 
65 89 98 85 22 2 45 89 14 59 26 37 73 1 90 28 99 16 94 13 5 71 9 19 90 83 20 66 68 85 15 50 55 15 38 78 90 5 25 91 66 32 87 98 63 20 73 40 24 40 76 9 1 47 8 44 98 20 32 92 95 60 18 61 50 63 89 12 65 32 84 61 20 62 25 84 29 75 74 98 
10 42 82 12 23 9 43 64 69 60 90 7 54 69 96 2 98 8 48 29 16 85 72 45 22 35 73 94 6 59 69 16 25 41 35 1 55 66 86 27 51 20 38 33 40 22 35 72 50 83 38 16 74 76 17 93 22 95 90 39 15 93 16 72 88 62 73 35 91 7 29 2 60 81 91 38 71 92 51 96 
19 53 57 69 29 53 96 66 75 62 12 34 89 27 40 63 79 45 59 2 48 63 19 15 95 89 22 57 97 56 25 22 10 80 86 74 67 56 86 28 67 55 51 5 32 91 54 67 4 10 93 13 57 66 87 69 74 45 76 41 59 46 46 55 39 34 76 87 7 47 14 70 58 56 45 12 11 77 48 46 
3 90 99 18 48 86 88 14 29 6 75 50 42 65 35 93 26 86 1 90 51 52 18 5 78 11 53 29 64 96 70 10 72 61 46 70 22 44 74 19 15 67 53 5 70 38 70 90 6 81 23 73 65 62 0 55 69 33 15 95 65 89 98 85 22 2 45 89 14 59 26 37 73 1 90 28 99 16 94 13 
5 71 9 19 90 83 20 66 68 85 15 50 55 15 38 78 90 5 25 91 66 32 87 98 63 20 73 40 24 40 76 9 1 47 8 44 98 20 32 92 95 60 18 61 50 63 89 12 65 32 84 61 20 62 25 84 29 75 74 98 10 42 82 12 23 9 43 64 69 60 90 7 54 69 96 2 98 8 48 29 
16 85 72 45 22 35 73 94 6 59 69 16 25 41 35 1 55 66 86 27 51 20 38 33 40 22 35 72 50 83 38 16 74 76 17 93 22 95 90 39 15 93 16 72 88 62 73 35 91 7 29 2 60 81 91 38 71 92 51 96 19 53 57 69 29 53 96 66 75 62 12 34 89 27 40 63 79 45 59 2 
48 63 19 15 95 89 22 57 97 56 25 22 10 80 86 74 67 56 86 28 67 55 51 5 32 91 54 67 4 10 93 13 57 66 87 69 74 45 76 41 59 46 46 55 39 34 76 87 7 47 14 70 58 56 45 12 11 77 48 46 3 90 99 18 48 86 88 14 29 6 75 50 42 65 35 93 26 86 1 90 
51 52 18 5 78 11 53 29 64 96 70 10 72 61 46 70 22 44 74 19 15 67 53 5 70 38 70 90 6 81 23 73 65 62 0 55 69 33 15 95 65 89 98 85 22 2 45 89 14 59 26 37 73 1 90 28 99 16 94 13 5 71 9 19 90 83 20 66 68 85 15 50 55 15 38 78 90 5 25 91 
66 32 87 98 63 20 73 40 24 40 76 9 1 47 8 44 98 20 32 92 95 60 18 61 50 63 89 12 65 32 84 61 20 62 25 84 29 75 74 98 10 42 82 12 23 9 43 64 69 60 90 7 54 69 96 2 98 8 48 29 16 85 72 45 22 35 73 94 6 59 69 16 25 41 35 1 55 66 86 27 
51 20 38 33 40 22 35 72 50 83 38 16 74 76 17 93 22 95 90 39 15 93 16 72 88 62 73 35 91 7 29 2 60 81 91 38 71 92 51 96 19 53 57 69 29 53 96 66 75 62 12 34 89 27 40 63 79 45 59 2 48 63 19 15 95 89 22 57 97 56 25 22 10 80 86 74 67 56 86 28 
67 55 51 5 32 91 54 67 4 10 93 13 57 66 87 69 74 45 76 41 59 46 46 55 39 34 76 87 7 47 14 70 58 56 45 12 11 77 48 46 3 90 99 18 48 86 88 14 29 6 75 50 42 65 35 93 26 86 1 90 51 52 18 5 78 11 53 29 64 96 70 10 72 61 46 70 22 44 74 19 
15 67 53 5 70 38 70 90 6 81 23 73 65 62 0 55 69 33 15 95 65 89 98 85 22 2 45 89 14 59 26 37 73 1 90 28 99 16 94 13 5 71 9 19 90 83 20 66 68 85 15 50 55 15 38 78 90 5 25 91 66 32 87 98 63 20 73 40 24 40 76 9 1 47 8 44 98 20 32 92 
95 60 18 61 50 63 89 12 65 32 84 61 20 62 25 84 29 75 74 98 10 42 82 12 23 9 43 64 69 60 90 7 54 69 96 2 98 8 48 29 16 85 72 45 22 35 73 94 6 59 69 16 25 41 35 1 55 66 86 27 51 20 38 33 40 22 35 72 50 83 38 16 74 76 17 93 22 95 90 39 
15 93 16 72 88 62 73 35 91 7 29 2 60 81 91 38 71 92 51 96 19 53 57 69 29 53 96 66 75 62 12 34 89 27 40 63 79 45 59 2 48 63 19 15 95 89 22 57 97 56 25 22 10 80 86 74 67 56 86 28 67 55 51 5 32 91 54 67 4 10 93 13 57 66 87 69 74 45 76 41 
59 46 46 55 39 34 76 87 7 47 14 70 58 56 45 12 11 77 48 46 3 90 99 18 48 86 88 14 29 6 75 50 42 65 35 93 26 86 1 90 51 52 18 5 78 11 53 29 64 96 70 10 72 61 46 70 22 44 74 19 15 67 53 5 70 38 70 90 6 81 23 73 65 62 0 55 69 33 15 95 
65 89 98 85 22 2 45 89 14 59 26 37 73 1 90 28 99 16 94 13 5 71 9 19 90 83 20 66 68 85 15 50 55 15 38 78 90 5 25 91 66 32 87 98 63 20 73 40 24 40 76 9 1 47 8 44 98 20 32 92 95 60 18 61 50 63 89 12 65 32 84 61 20 62 25 84 29 75 74 98 
10 42 82 12 23 9 43 64 69 60 90 7 54 69 96 2 98 8 48 29 16 85 72 45 22 35 73 94 6 59 69 16 25 41 35 1 55 66 86 27 51 20 38 33 40 22 35 72 50 83 38 16 74 76 17 93 22 95 90 39 15 93 16 72 88 62 73 35 91 7 29 2 60 81 91 38 71 92 51 96 
19 53 57 69 29 53 96 66 75 62 12 34 89 27 40 63 79 45 59 2 48 63 19 15 95 89 22 57 97 56 25 22 10 80 86 74 67 56 86 28 67 55 51 5 32 91 54 67 4 10 93 13 57 66 87 69 74 45 76 41 59 46 46 55 39 34 76 87 7 47 14 70 58 56 45 12 11 77 48 46 
3 90 99 18 48 86 88 14 29 6 75 50 42 65 35 93 26 86 1 90 51 52 18 5 78 11 53 29 64 96 70 10 72 61 46 70 22 44 74 19 15 67 53 5 70 38 70 90 6 81 23 73 65 62 0 55 69 33 15 95 65 89 98 85 22 2 45 89 14 59 26 37 73 1 90 28 99 16 94 13 
5 71 9 19 90 83 20 66 68 85 15 50 55 15 38 78 90 5 25 91 66 32 87 98 63 20 73 40 24 40 76 9 1 47 8 44 98 20 32 92 95 60 18 61 50 63 89 12 65 32 84 61 20 62 25 84 29 75 74 98 10 42 82 12 23 9 43 64 69 60 90 7 54 69 96 2 98 8 48 29 
16 85 72 45 22 35 73 94 6 59 69 16 25 41 35 1 55 66 86 27 51 20 38 33 40 22 35 72 50 83 38 16 74 76 17 93 22 95 90 39 15 93 16 72 88 62 73 35 91 7 29 2 60 81 91 38 71 92 51 96 19 53 57 69 29 53 96 66 75 62 12 34 89 27 40 63 79 45 59 2 
48 63 19 15 95 89 22 57 97 56 25 22 10 80 86 74 67 56 86 28 67 55 51 5 32 91 54 67 4 10 93 13 57 66 87 69 74 45 76 41 59 46 46 55 39 34 76 87 7 47 14 70 58 56 45 12 11 77 48 46 3 90 99 18 48 86 88 14 29 6 75 50 42 65 35 93 26 86 1 90 
51 52 18 5 78 11 53 29 64 96 70 10 72 61 46 70 22 44 74 19 15 67 53 5 70 38 70 90 6 81 23 73 65 62 0 55 69 33 15 95 65 89 98 85 22 2 45 89 14 59 26 37 73 1 90 28 99 16 94 13 5 71 9 19 90 83 20 66 68 85 15 50 55 15 38 78 90 5 25 91 
66 32 87 98 63 20 73 40 24 40 76 9 1 47 8 44 98 20 32 92 95 60 18 61 50 63 89 12 65 32 84 61 20 62 25 84 29 75 74 98 10 42 82 12 23 9 43 64 69 60 90 7 54 69 96 2 98 8 48 29 16 85 72 45 22 35 73 94 6 59 69 16 25 41 35 1 55 66 86 27 
51 20 38 33 40 22 35 72 50 83 38 16 74 76 17 93 22 95 90 39 15 93 16 72 88 62 73 35 91 7 29 2 60 81 91 38 71 92 51 96 19 53 57 69 29 53 96 66 75 62 12 34 89 27 40 63 79 45 59 2 48 63 19 15 95 89 22 57 97 56 25 22 10 80 86 74 67 56 86 28 
67 55 51 5 32 91 54 67 4 10 93 13 57 66 87 69 74 45 76 41 59 46 46 55 39 34 76 87 7 47 14 70 58 56 45 12 11 77 48 46 3 90 99 18 48 86 88 14 29 6 75 50 42 65 35 93 26 86 1 90 51 52 18 5 78 11 53 29 64 96 70 10 72 61 46 70 22 44 74 19 
15 67 53 5 70 38 70 90 6 81 23 73 65 62 0 55 69 33 15 95 65 89 98 85 22 2 45 89 14 59 26 37 73 1 90 28 99 16 94 13 5 71 9 19 90 83 20 66 68 85 15 50 55 15 38 78 90 5 25 91 66 32 87 98 63 20 73 40 24 40 76 9 1 47 8 44 98 20 32 92 
95 60 18 61 50 63 89 12 65 32 84 61 20 62 25 84 29 75 74 98 10 42 82 12 23 9 43 64 69 60 90 7 54 69 96 2 98 8 48 29 16 85 72 45 22 35 73 94 6 59 69 16 25 41 35 1 55 66 86 27 51 20 38 33 40 22 35 72 50 83 38 16 74 76 17 93 22 95 90 39 
15 93 16 72 88 62 73 35 91 7 29 2 60 81 91 38 71 92 51 96 19 53 57 69 29 53 96 66 75 62 12 34 89 27 40 63 79 45 59 2 48 63 19 15 95 89 22 57 97 56 25 22 10 80 86 74 67 56 86 28 67 55 51 5 32 91 54 67 4 10 93 13 57 66 87 69 74 45 76 41 
59 46 46 55 39 34 76 87 7 47 14 70 58 56 45 12 11 77 48 46 3 90 99 18 48 86 88 14 29 6 75 50 42 65 35 93 26 86 1 90 51 52 18 5 78 11 53 29 64 96 70 10 72 61 46 70 22 44 74 19 15 67 53 5 70 38 70 90 6 81 23 73 65 62 0 55 69 33 15 95 
65 89 98 85 22 2 45 89 14 59 26 37 73 1 90 28 99 16 94 13 5 71 9 19 90 83 20 66 68 85 15 50 55 15 38 78 90 5 25 91 66 32 87 98 63 20 73 40 24 40 76 9 1 47 8 44 98 20 32 92 95 60 18 61 50 63 89 12 65 32 84 61 20 62 25 84 29 75 74 98 
10 42 82 12 23 9 43 64 69 60 90 7 54 69 96 2 98 8 48 29 16 85 72 45 22 35 73 94 6 59 69 16 25 41 35 1 55 66 86 27 51 20 38 33 40 22 35 72 50 83 38 16 74 76 17 93 22 95 90 39 15 93 16 72 88 62 73 35 91 7 29 2 60 81 91 38 71 92 51 96 
19 53 57 69 29 53 96 66 75 62 12 34 89 27 40 63 79 45 59 2 48 63 19 15 95 89 22 57 97 56 25 22 10 80 86 74 67 56 86 28 67 55 51 5 32 91 54 67 4 10 93 13 57 66 87 69 74 45 76 41 59 46 46 55 39 34 76 87 7 47 14 70 58 56 45 12 11 77 48 46 
3 90 99 18 48 86 88 14 29 6 75 50 42 65 35 93 26 86 1 90 51 52 18 5 78 11 53 29 64 96 70 10 72 61 46 70 22 44 74 19 15 67 53 5 70 38 70 90 6 81 23 73 65 62 0 55 69 33 15 95 65 89 98 85 22 2 45 89 14 59 26 37 73 1 90 28 99 16 94 13 
5 71 9 19 90 83 20 66 68 85 15 50 55 15 38 78 90 5 25 91 66 32 87 98 63 20 73 40 24 40 76 9 1 47 8 44 98 20 32 92 95 60 18 61 50 63 89 12 65 32 84 61 20 62 25 84 29 75 74 98 10 42 82 12 23 9 43 64 69 60 90 7 54 69 96 2 98 8 48 29 
16 85 72 45 22 35 73 94 6 59 69 16 25 41 35 1 55 66 86 27 51 20 38 33 40 22 35 72 50 83 38 16 74 76 17 93 22 95 90 39 15 93 16 72 88 62 73 35 91 7 29 2 60 81 91 38 71 92 51 96 19 53 57 69 29 53 96 66 75 62 12 34 89 27 40 63 79 45 59 2 
48 63 19 15 95 89 22 57 97 56 25 22 10 80 86 74 67 56 86 28 67 55 51 5 32 91 54 67 4 10 93 13 57 66 87 69 74 45 76 41 59 46 46 55 39 34 76 87 7 47 14 70 58 56 45 12 11 77 48 46 3 90 99 18 48 86 88 14 29 6 75 50 42 65 35 93 26 86 1 90 
51 52 18 5 78 11 53 29 64 96 70 10 72 61 46 70 22 44 74 19 15 67 53 5 70 38 70 90 6 81 23 73 65 62 0 55 69 33 15 95 65 89 98 85 22 2 45 89 14 59 26 37 73 1 90 28 99 16 94 13 5 71 9 19 90 83 20 66 68 85 15 50 55 15 38 78 90 5 25 91 
66 32 87 98 63 20 73 40 24 40 76 9 1 47 8 44 98 20 32 92 95 60 18 61 50 63 89 12 65 32 84 61 20 62 25 84 29 75 74 98 10 42 82 12 23 9 43 64 69 60 90 7 54 69 96 2 98 8 48 29 16 85 72 45 22 35 73 94 6 59 69 16 25 41 35 1 55 66 86 27 
51 20 38 33 40 22 35 72 50 83 38 16 74 76 17 93 22 95 90 39 15 93 16 72 88 62 73 35 91 7 29 2 60 81 91 38 71 92 51 96 19 53 57 69 29 53 96 66 75 62 12 34 89 27 40 63 79 45 59 2 48 63 19 15 95 89 22 57 97 56 25 22 10 80 86 74 67 56 86 28 
67 55 51 5 32 91 54 67 4 10 93 13 57 66 87 69 74 45 76 41 59 46 46 55 39 34 76 87 7 47 14 70 58 56 45 12 11 77 48 46 3 90 99 18 48 86 88 14 29 6 75 50 42 65 35 93 26 86 1 90 51 52 18 5 78 11 53 29 64 96 70 10 72 61 46 70 22 44 74 19 
15 67 53 5 70 38 70 90 6 81 23 73 65 62 0 55 69 33 15 95 65 89 98 85 22 2 45 89 14 59 26 37 73 1 90 28 99 16 94 13 5 71 9 19 90 83 20 66 68 85 15 50 55 15 38 78 90 5 25 91 66 32 87 98 63 20 73 40 24 40 76 9 1 47 8 44 98 20 32 92 
95 60 18 61 50 63 89 12 65 32 84 61 20 62 25 84 29 75 74 98 10 42 82 12 23 9 43 64 69 60 90 7 54 69 96 2 98 8 48 29 16 85 72 45 22 35 73 94 6 59 69 16 25 41 35 1 55 66 86 27 51 20 38 33 40 22 35 72 50 83 38 16 74 76 17 93 22 95 90 39 
15 93 16 72 88 62 73 35 91 7 29 2 60 81 91 38 71 92 51 96 19 53 57 69 29 53 96 66 75 62 12 34 89 27 40 63 79 45 59 2 48 63 19 15 95 89 22 57 97 56 25 22 10 80 86 74 67 56 86 28 67 55 51 5 32 91 54 67 4 10 93 13 57 66 87 69 74 45 76 41 
59 46 46 55 39 34 76 87 7 47 14 70 58 56 45 12 11 77 48 46 3 90 99 18 48 86 88 14 29 6 75 50 42 65 35 93 26 86 1 90 51 52 18 5 78 11 53 29 64 96 70 10 72 61 46 70 22 44 74 19 15 67 53 5 70 38 70 90 6 81 23 73 65 62 0 55 69 33 15 95 
65 89 98 85 22 2 45 89 14 59 26 37 73 1 90 28 99 16 94 13 5 71 9 19 90 83 20 66 68 85 15 50 55 15 38 78 90 5 25 91 66 32 87 98 63 20 73 40 24 40 76 9 1 47 8 44 98 20 32 92 95 60 18 61 50 63 89 12 65 32 84 61 20 62 25 84 29 75 74 98 
10 42 82 12 23 9 43 64 69 60 90 7 54 69 96 2 98 8 48 29 16 85 72 45 22 35 73 94 6 59 69 16 25 41 35 1 55 66 86 27 51 20 38 33 40 22 35 72 50 83 38 16 74 76 17 93 22 95 90 39 15 93 16 72 88 62 73 35 91 7 29 2 60 81 91 38 71 92 51 96 
19 53 57 69 29 53 96 66 75 62 12 34 89 27 40 63 79 45 59 2 48 63 19 15 95 89 22 57 97 56 25 22 10 80 86 74 67 56 86 28 67 55 51 5 32 91 54 67 4 10 93 13 57 66 87 69 74 45 76 41 59 46 46 55 39 34 76 87 7 47 14 70 58 56 45 12 11 77 48 46 
3 90 99 18 48 86 88 14 29 6 75 50 42 65 35 93 26 86 1 90 51 52 18 5 78 11 53 29 64 96 70 10 72 61 46 70 22 44 74 19 15 67 53 5 70 38 70 90 6 81 23 73 65 62 0 55 69 33 15 95 65 89 98 85 22 2 45 89 14 59 26 37 73 1 90 28 99 16 94 13 
5 71 9 19 90 83 20 66 68 85 15 50 55 15 38 78 90 5 25 91 66 32 87 98 63 20 73 40 24 40 76 9 1 47 8 44 98 20 32 92 95 60 18 61 50 63 89 12 65 32 84 61 20 62 25 84 29 75 74 98 10 42 82 12 23 9 43 64 69 60 90 7 54 69 96 2 98 8 48 29 
16 85 72 45 22 35 73 94 6 59 69 16 25 41 35 1 55 66 86 27 51 20 38 33 40 22 35 72 50 83 38 16 74 76 17 93 22 95 90 39 15 93 16 72 88 62 73 35 91 7 29 2 60 81 91 38 71 92 51 96 19 53 57 69 29 53 96 66 75 62 12 34 89 27 40 63 79 45 59 2 
48 63 19 15 95 89 22 57 97 56 25 22 10 80 86 74 67 56 86 28 67 55 51 5 32 91 54 67 4 10 93 13 57 66 87 69 74 45 76 41 59 46 46 55 39 34 76 87 7 47 14 70 58 56 45 12 11 77 48 46 3 90 99 18 48 86 88 14 29 6 75 50 42 65 35 93 26 86 1 90 
51 52 18 5 78 11 53 29 64 96 70 10 72 61 46 70 22 44 74 19 15 67 53 5 70 38 70 90 6 81 23 73 65 62 0 55 69 33 15 95 65 89 98 85 22 2 45 89 14 59 26 37 73 1 90 28 99 16 94 13 5 71 9 19 90 83 20 66 68 85 15 50 55 15 38 78 90 5 25 91 
66 32 87 98 63 20 73 40 24 40 76 9 1 47 8 44 98 20 32 92 95 60 18 61 50 63 89 12 65 32 84 61 20 62 25 84 29 75 74 98 10 42 82 12 23 9 43 64 69 60 90 7 54 69 96 2 98 8 48 29 16 85 72 45 22 35 73 94 6 59 69 16 25 41 35 1 55 66 86 27 
51 20 38 33 40 22 35 72 50 83 38 16 74 76 17 93 22 95 90 39 15 93 16 72 88 62 73 35 91 7 29 2 60 81 91 38 71 92 51 96 19 53 57 69 29 53 96 66 75 62 12 34 89 27 40 63 79 45 59 2 48 63 19 15 95 89 22 57 97 56 25 22 10 80 86 74 67 56 86 28 
67 55 51 5 32 91 54 67 4 10 93 13 57 66 87 69 74 45 76 41 59 46 46 55 39 34 76 87 7 47 14 70 58 56 45 12 11 77 48 46 3 90 99 18 48 86 88 14 29 6 75 50 42 65 35 93 26 86 1 90 51 52 18 5 78 11 53 29 64 96 70 10 72 61 46 70 22 44 74 19 
15 67 53 5 70 38 70 90 6 81 23 73 65 62 0 55 69 33 15 95 65 89 98 85 22 2 45 89 14 59 26 37 73 1 90 28 99 16 94 13 5 71 9 19 90 83 20 66 68 85 15 50 55 15 38 78 90 5 25 91 66 32 87 98 63 20 73 40 24 40 76 9 1 47 8 44 98 20 32 92 
95 60 18 61 50 63 89 12 65 32 84 61 20 62 25 84 29 75 74 98 10 42 82 12 23 9 43 64 69 60 90 7 54 69 96 2 98 8 48 29 16 85 72 45 22 35 73 94 6 59 69 16 25 41 35 1 55 66 86 27 51 20 38 33 40 22 35 72 50 83 38 16 74 76 17 93 22 95 90 39 
15 93 16 72 88 62 73 35 91 7 29 2 60 81 91 38 71 92 51 96 19 53 57 69 29 53 96 66 75 62 12 34 89 27 40 63 79 45 59 2 48 63 19 15 95 89 22 57 97 56 25 22 10 80 86 74 67 56 86 28 67 55 51 5 32 91 54 67 4 10 93 13 57 66 87 69 74 45 76 41 
59 46 46 55 39 34 76 87 7 47 14 70 58 56 45 12 11 77 48 46 3 90 99 18 48 86 88 14 29 6 75 50 42 65 35 93 26 86 1 90 51 52 18 5 78 11 53 29 64 96 70 10 72 61 46 70 22 44 74 19 15 67 53 5 70 38 70 90 6 81 23 73 65 62 0 55 69 33 15 95 
65 89 98 85 22 2 45 89 14 59 26 37 73 1 90 28 99 16 94 13 5 71 9 19 90 83 20 66 68 85 15 50 55 15 38 78 90 5 25 91 66 32 87 98 63 20 73 40 24 40 76 9 1 47 8 44 98 20 32 92 95 60 18 61 50 63 89 12 65 32 84 61 20 62 25 84 29 75 74 98 
10 42 82 12 23 9 43 64 69 60 90 7 54 69 96 2 98 8 48 29 16 85 72 45 22 35 73 94 6 59 69 16 25 41 35 1 55 66 86 27 51 20 38 33 40 22 35 72 50 83 38 16 74 76 17 93 22 95 90 39 15 93 16 72 88 62 73 35 91 7 29 2 60 81 91 38 71 92 51 96 
19 53 57 69 29 53 96 66 75 62 12 34 89 27 40 63 79 45 59 2 48 63 19 15 95 89 22 57 97 56 25 22 10 80 86 74 67 56 86 28 67 55 51 5 32 91 54 67 4 10 93 13 57 66 87 69 74 45 76 41 59 46 46 55 39 34 76 87 7 47 14 70 58 56 45 12 11 77 48 46 
3 90 99 18 48 86 88 14 29 6 75 50 42 65 35 93 26 86 1 90 51 52 18 5 78 11 53 29 64 96 70 10 72 61 46 70 22 44 74 19 15 67 53 5 70 38 70 90 6 81 23 73 65 62 0 55 69 33 15 95 65 89 98 85 22 2 45 89 14 59 26 37 73 1 90 28 99 16 94 13 
5 71 9 19 90 83 20 66 68 85 15 50 55 15 38 78 90 5 25 91 66 32 87 98 63 20 73 40 24 40 76 9 1 47 8 44 98 20 32 92 95 60 18 61 50 63 89 12 65 32 84 61 20 62 25 84 29 75 74 98 10 42 82 12 23 9 43 64 69 60 90 7 54 69 96 2 98 8 48 29 
16 85 72 45 22 35 73 94 6 59 69 16 25 41 35 1 55 66 86 27 51 20 38 33 40 22 35 72 50 83 38 16 74 76 17 93 22 95 90 39 15 93 16 72 88 62 73 35 91 7 29 2 60 81 91 38 71 92 51 96 19 53 57 69 29 53 96 66 75 62 12 34 89 27 40 63 79 45 59 2 
48 63 19 15 95 89 22 57 97 56 25 22 10 80 86 74 67 56 86 28 67 55 51 5 32 91 54 67 4 10 93 13 57 66 87 69 74 45 76 41 59 46 46 55 39 34 76 87 7 47 14 70 58 56 45 12 11 77 48 46 3 90 99 18 48 86 88 14 29 6 75 50 42 65 35 93 26 86 1 90 
51 52 18 5 78 11 53 29 64 96 70 10 72 61 46 70 22 44 74 19 15 67 53 5 70 38 70 90 6 81 23 73 65 62 0 55 69 33 15 95 65 89 98 85 22 2 45 89 14 59 26 37 73 1 90 28 99 16 94 13 5 71 9 19 90 83 20 66 68 85 15 50 55 15 38 78 90 5 25 91 
66 32 87 98 63 20 73 40 24 40 76 9 1 47 8 44 98 20 32 92 95 60 18 61 50 63 89 12 65 32 84 61 20 62 25 84 29 75 74 98 10 42 82 12 23 9 43 64 69 60 90 7 54 69 96 2 98 8 48 29 16 85 72 45 22 35 73 94 6 59 69 16 25 41 35 1 55 66 86 27 
51 20 38 33 40 22 35 72 50 83 38 16 74 76 17 93 22 95 90 39 15 93 16 72 88 62 73 35 91 7 29 2 60 81 91 38 71 92 51 96 19 53 57 69 29 53 96 66 75 62 12 34 89 27 40 63 79 45 59 2 48 63 19 15 95 89 22 57 97 56 25 22 10 80 86 74 67 56 86 28 
67 55 51 5 32 91 54 67 4 10 93 13 57 66 87 69 74 45 76 41 59 46 46 55 39 34 76 87 7 47 14 70 58 56 45 12 11 77 48 46 3 90 99 18 48 86 88 14 29 6 75 50 42 65 35 93 26 86 1 90 51 52 18 5 78 11 53 29 64 96 70 10 72 61 46 70 22 44 74 19 
15 67 53 5 70 38 70 90 6 81 23 73 65 62 0 55 69 33 15 95 65 89 98 85 22 2 45 89 14 59 26 37 73 1 90 28 99 16 94 13 5 71 9 19 90 83 20 66 68 85 15 50 55 15 38 78 90 5 25 91 66 32 87 98 63 20 73 40 24 40 76 9 1 47 8 44 98 20 32 92 
95 60 18 61 50 63 89 12 65 32 84 61 20 62 25 84 29 75 74 98 10 42 82 12 23 9 43 64 69 60 90 7 54 69 96 2 98 8 48 29 16 85 72 45 22 35 73 94 6 59 69 16 25 41 35 1 55 66 86 27 51 20 38 33 40 22 35 72 50 83 38 16 74 76 17 93 22 95 90 39 
15 93 16 72 88 62 73 35 91 7 29 2 60 81 91 38 71 92 51 96 19 53 57 69 29 53 96 66 75 62 12 34 89 27 40 63 79 45 59 2 48 63 19 15 95 89 22 57 97 56 25 22 10 80 86 74 67 56 86 28 67 55 51 5 32 91 54 67 4 10 93 13 57 66 87 69 74 45 76 41 
59 46 46 55 39 34 76 87 7 47 14 70 58 56 45 12 11 77 48 46 3 90 99 18 48 86 88 14 29 6 75 50 42 65 35 93 26 86 1 90 51 52 18 5 78 11 53 29 64 96 70 10 72 61 46 70 22 44 74 19 15 67 53 5 70 38 70 90 6 81 23 73 65 62 0 55 69 33 15 95 
65 89 98 85 22 2 45 89 14 59 26 37 73 1 90 28 99 16 94 13 5 71 9 19 90 83 20 66 68 85 15 50 55 15 38 78 90 5 25 91 66 32 87 98 63 20 73 40 24 40 76 9 1 47 8 44 98 20 32 92 95 60 18 61 50 63 89 12 65 32 84 61 20 62 25 84 29 75 74 98 
10 42 82 12 23 9 43 64 69 60 90 7 54 69 96 2 98 8 48 29 16 85 72 45 22 35 73 94 6 59 69 16 25 41 35 1 55 66 86 27 51 20 38 33 40 22 35 72 50 83 38 16 74 76 17 93 22 95 90 39 15 93 16 72 88 62 73 35 91 7 29 2 60 81 91 38 71 92 51 96 
19 53 57 69 29 53 96 66 75 62 12 34 89 27 40 63 79 45 59 2 48 63 19 15 95 89 22 57 97 56 25 22 10 80 86 74 67 56 86 28 67 55 51 5 32 91 54 67 4 10 93 13 57 66 87 69 74 45 76 41 59 46 46 55 39 34 76 87 7 47 14 70 58 56 45 12 11 77 48 46 
3 90 99 18 48 86 88 14 29 6 75 50 42 65 35 93 26 86 1 90 51 52 18 5 78 11 53 29 64 96 70 10 72 61 46 70 22 44 74 19 15 67 53 5 70 38 70 90 6 81 23 73 65 62 0 55 69 33 15 95 65 89 98 85 22 2 45 89 14 59 26 37 73 1 90 28 99 16 94 13 
5 71 9 19 90 83 20 66 68 85 15 50 55 15 38 78 90 5 25 91 66 32 87 98 63 20 73 40 24 40 76 9 1 47 8 44 98 20 32 92 95 60 18 61 50 63 89 12 65 32 84 61 20 62 25 84 29 75 74 98 10 42 82 12 23 9 43 64 69 60 90 7 54 69 96 2 98 8 48 29 
16 85 72 45 22 35 73 94 6 59 69 16 25 41 35 1 55 66 86 27 51 20 38 33 40 22 35 72 50 83 38 16 74 76 17 93 22 95 90 39 15 93 16 72 88 62 73 35 91 7 29 2 60 81 91 38 71 92 51 96 19 53 57 69 29 53 96 66 75 62 12 34 89 27 40 63 79 45 59 2 
48 63 19 15 95 89 22 57 97 56 25 22 10 80 86 74 67 56 86 28 67 55 51 5 32 91 54 67 4 10 93 13 57 66 87 69 74 45 76 41 59 46 46 55 39 34 76 87 7 47 14 70 58 56 45 12 11 77 48 46 3 90 99 18 48 86 88 14 29 6 75 50 42 65 35 93 26 86 1 90 
51 52 18 5 78 11 53 29 64 96 70 10 72 61 46 70 22 44 74 19 15 67 53 5 70 38 70 90 6 81 23 73 65 62 0 55 69 33 15 95 65 89 98 85 22 2 45 89 14 59 26 37 73 1 90 28 99 16 94 13 5 71 9 19 90 83 20 66 68 85 15 50 55 15 38 78 90 5 25 91 
66 32 87 98 63 20 73 40 24 40 76 9 1 47 8 44 98 20 32 92 95 60 18 61 50 63 89 12 65 32 84 61 20 62 25 84 29 75 74 98 10 42 82 12 23 9 43 64 69 60 90 7 54 69 96 2 98 8 48 29 16 85 72 45 22 35 73 94 6 59 69 16 25 41 35 1 55 66 86 27 
51 20 38 33 40 22 35 72 50 83 38 16 74 76 17 93 22 95 90 39 15 93 16 72 88 62 73 35 91 7 29 2 60 81 91 38 71 92 51 96 19 53 57 69 29 53 96 66 75 62 12 34 89 27 40 63 79 45 59 2 48 63 19 15 95 89 22 57 97 56 25 22 10 80 86 74 67 56 86 28 
67 55 51 5 32 91 54 67 4 10 93 13 57 66 87 69 74 45 76 41 59 46 46 55 39 34 76 87 7 47 14 70 58 56 45 12 11 77 48 46 3 90 99 18 48 86 88 14 29 6 75 50 42 65 35 93 26 86 1 90 51 52 18 5 78 11 53 29 64 96 70 10 72 61 46 70 22 44 74 19 
15 67 53 5 70 38 70 90 6 81 23 73 65 62 0 55 69 33 15 95 65 89 98 85 22 2 45 89 14 59 26 37 73 1 90 28 99 16 94 13 5 71 9 19 90 83 20 66 68 85 15 50 55 15 38 78 90 5 25 91 66 32 87 98 63 20 73 40 24 40 76 9 1 47 8 44 98 20 32 92 
95 60 18 61 50 63 89 12 65 32 84 61 20 62 25 84 29 75 74 98 10 42 82 12 23 9 43 64 69 60 90 7 54 69 96 2 98 8 48 29 16 85 72 45 22 35 73 94 6 59 69 16 25 41 35 1 55 66 86 27 51 20 38 33 40 22 35 72 50 83 38 16 74 76 17 93 22 95 90 39 
15 93 16 72 88 62 73 35 91 7 29 2 60 81 91 38 71 92 51 96 19 53 57 69 29 53 96 66 75 62 12 34 89 27 40 63 79 45 59 2 48 63 19 15 95 89 22 57 97 56 25 22 10 80 86 74 67 56 86 28 67 55 51 5 32 91 54 67 4 10 93 13 57 66 87 69 74 45 76 41 
59 46 46 55 39 34 76 87 7 47 14 70 58 56 45 12 11 77 48 46 3 90 99 18 48 86 88 14 29 6 75 50 42 65 35 93 26 86 1 90 51 52 18 5 78 11 53 29 64 96 70 10 72 61 46 70 22 44 74 19 15 67 53 5 70 38 70 90 6 81 23 73 65 62 0 55 69 33 15 95 
65 89 98 85 22 2 45 89 14 59 26 37 73 1 90 28 99 16 94 13 5 71 9 19 90 83 20 66 68 85 15 50 55 15 38 78 90 5 25 91 66 32 87 98 63 20 73 40 24 40 76 9 1 47 8 44 98 20 32 92 95 60 18 61 50 63 89 12 65 32 84 61 20 62 25 84 29 75 74 98 
10 42 82 12 23 9 43 64 69 60 90 7 54 69 96 2 98 8 48 29 16 85 72 45 22 35 73 94 6 59 69 16 25 41 35 1 55 66 86 27 51 20 38 33 40 22 35 72 50 83 38 16 74 76 17 93 22 95 90 39 15 93 16 72 88 62 73 35 91 7 29 2 60 81 91 38 71 92 51 96 
19 53 57 69 29 53 96 66 75 62 12 34 89 27 40 63 79 45 59 2 48 63 19 15 95 89 22 57 97 56 25 22 10 80 86 74 67 56 86 28 67 55 51 5 32 91 54 67 4 10 93 13 57 66 87 69 74 45 76 41 59 46 46 55 39 34 76 87 7 47 14 70 58 56 45 12 11 77 48 46 
3 90 99 18 48 86 88 14 29 6 75 50 42 65 35 93 26 86 1 90 51 52 18 5 78 11 53 29 64 96 70 10 72 61 46 70 22 44 74 19 15 67 53 5 70 38 70 90 6 81 23 73 65 62 0 55 69 33 15 95 65 89 98 85 22 2 45 89 14 59 26 37 73 1 90 28 99 16 94 13 
5 71 9 19 90 83 20 66 68 85 15 50 55 15 38 78 90 5 25 91 66 32 87 98 63 20 73 40 24 40 76 9 1 47 8 44 98 20 32 92 95 60 18 61 50 63 89 12 65 32 84 61 20 62 25 84 29 75 74 98 10 42 82 12 23 9 43 64 69 60 90 7 54 69 96 2 98 8 48 29 
16 85 72 45 22 35 73 94 6 59 69 16 25 41 35 1 55 66 86 27 51 20 38 33 40 22 35 72 50 83 38 16 74 76 17 93 22 95 90 39 15 93 16 72 88 62 73 35 91 7 29 2 60 81 91 38 71 92 51 96 19 53 57 69 29 53 96 66 75 62 12 34 89 27 40 63 79 45 59 2 
48 63 19 15 95 89 22 57 97 56 25 22 10 80 86 74 67 56 86 28 67 55 51 5 32 91 54 67 4 10 93 13 57 66 87 69 74 45 76 41 59 46 46 55 39 34 76 87 7 47 14 70 58 56 45 12 11 77 48 46 3 90 99 18 48 86 88 14 29 6 75 50 42 65 35 93 26 86 1 90 
51 52 18 5 78 11 53 29 64 96 70 10 72 61 46 70 22 44 74 19 15 67 53 5 70 38 70 90 6 81 23 73 65 62 0 55 69 33 15 95 65 89 98 85 22 2 45 89 14 59 26 37 73 1 90 28 99 16 94 13 5 71 9 19 90 83 20 66 68 85 15 50 55 15 38 78 90 5 25 91 
66 32 87 98 63 20 73 40 24 40 76 9 1 47 8 44 98 20 32 92 95 60 18 61 50 63 89 12 65 32 84 61 20 62 25 84 29 75 74 98 10 42 82 12 23 9 43 64 69 60 90 7 54 69 96 2 98 8 48 29 16 85 72 45 22 35 73 94 6 59 69 16 25 41 35 1 55 66 86 27 
51 20 38 33 40 22 35 72 50 83 38 16 74 76 17 93 22 95 90 39 15 93 16 72 88 62 73 35 91 7 29 2 60 81 91 38 71 92 51 96 19 53 57 69 29 53 96 66 75 62 12 34 89 27 40 63 79 45 59 2 48 63 19 15 95 89 22 57 97 56 25 22 10 80 86 74 67 56 86 28 
67 55 51 5 32 91 54 67 4 10 93 13 57 66 87 69 74 45 76 41 59 46 46 55 39 34 76 87 7 47 14 70 58 56 45 12 11 77 48 46 3 90 99 18 48 86 88 14 29 6 75 50 42 65 35 93 26 86 1 90 51 52 18 5 78 11 53 29 64 96 70 10 72 61 46 70 22 44 74 19 
15 67 53 5 70 38 70 90 6 81 23 73 65 62 0 55 69 33 15 95 65 89 98 85 22 2 45 89 14 59 26 37 73 1 90 28 99 16 94 13 5 71 9 19 90 83 20 66 68 85 15 50 55 15 38 78 90 5 25 91 66 32 87 98 63 20 73 40 24 40 76 9 1 47 8 44 98 20 32 92 
95 60 18 61 50 63 89 12 65 32 84 61 20 62 25 84 29 75 74 98 10 42 82 12 23 9 43 64 69 60 90 7 54 69 96 2 98 8 48 29 16 85 72 45 22 35 73 94 6 59 69 16 25 41 35 1 55 66 86 27 51 20 38 33 40 22 35 72 50 83 38 16 74 76 17 93 22 95 90 39 
15 93 16 72 88 62 73 35 91 7 29 2 60 81 91 38 71 92 51 96 19 53 57 69 29 53 96 66 75 62 12 34 89 27 40 63 79 45 59 2 48 63 19 15 95 89 22 57 97 56 25 22 10 80 86 74 67 56 86 28 67 55 51 5 32 91 54 67 4 10 93 13 57 66 87 69 74 45 76 41 
59 46 46 55 39 34 76 87 7 47 14 70 58 56 45 12 11 77 48 46 3 90 99 18 48 86 88 14 29 6 75 50 42 65 35 93 26 86 1 90 51 52 18 5 78 11 53 29 64 96 70 10 72 61 46 70 22 44 74 19 15 67 53 5 70 38 70 90 6 81 23 73 65 62 0 55 69 33 15 95 
65 89 98 85 22 2 45 89 14 59 26 37 73 1 90 28 99 16 94 13 5 71 9 19 90 83 20 66 68 85 15 50 55 15 38 78 90 5 25 91 66 32 87 98 63 20 73 40 24 40 76 9 1 47 8 44 98 20 32 92 95 60 18 61 50 63 89 12 65 32 84 61 20 62 25 84 29 75 74 98 
10 42 82 12 23 9 43 64 69 60 90 7 54 69 96 2 98 8 48 29 16 85 72 45 22 35 73 94 6 59 69 16 25 41 35 1 55 66 86 27 51 20 38 33 40 22 35 72 50 83 38 16 74 76 17 93 22 95 90 39 15 93 16 72 88 62 73 35 91 7 29 2 60 81 91 38 71 92 51 96 
19 53 57 69 29 53 96 66 75 62 12 34 89 27 40 63 79 45 59 2 48 63 19 15 95 89 22 57 97 56 25 22 10 80 86 74 67 56 86 28 67 55 51 5 32 91 54 67 4 10 93 13 57 66 87 69 74 45 76 41 59 46 46 55 39 34 76 87 7 47 14 70 58 56 45 12 11 77 48 46 
3 90 99 18 48 86 88 14 29 6 75 50 42 65 35 93 26 86 1 90 51 52 18 5 78 11 53 29 64 96 70 10 72 61 46 70 22 44 74 19 15 67 53 5 70 38 70 90 6 81 23 73 65 62 0 55 69 33 15 95 65 89 98 85 22 2 45 89 14 59 26 37 73 1 90 28 99 16 94 13 
5 71 9 19 90 83 20 66 68 85 15 50 55 15 38 78 90 5 25 91 66 32 87 98 63 20 73 40 24 40 76 9 1 47 8 44 98 20 32 92 95 60 18 61 50 63 89 12 65 32 84 61 20 62 25 84 29 75 74 98 10 42 82 12 23 9 43 64 69 60 90 7 54 69 96 2 98 8 48 29 
16 85 72 45 22 35 73 94 6 59 69 16 25 41 35 1 55 66 86 27 51 20 38 33 40 22 35 72 50 83 38 16 74 76 17 93 22 95 90 39 15 93 16 72 88 62 73 35 91 7 29 2 60 81 91 38 71 92 51 96 19 53 57 69 29 53 96 66 75 62 12 34 89 27 40 63 79 45 59 2 
48 63 19 15 95 89 22 57 97 56 25 22 10 80 86 74 67 56 86 28 67 55 51 5 32 91 54 67 4 10 93 13 57 66 87 69 74 45 76 41 59 46 46 55 39 34 76 87 7 47 14 70 58 56 45 12 11 77 48 46 3 90 99 18 48 86 88 14 29 6 75 50 42 65 35 93 26 86 1 90 
51 52 18 5 78 11 53 29 64 96 70 10 72 61 46 70 22 44 74 19 15 67 53 5 70 38 70 90 6 81 23 73 65 62 0 55 69 33 15 95 65 89 98 85 22 2 45 89 14 59 26 37 73 1 90 28 99 16 94 13 5 71 9 19 90 83 20 66 68 85 15 50 55 15 38 78 90 5 25 91 
66 32 87 98 63 20 73 40 24 40 76 9 1 47 8 44 98 20 32 92 95 60 18 61 50 63 89 12 65 32 84 61 20 62 25 84 29 75 74 98 10 42 82 12 23 9 43 64 69 60 90 7 54 69 96 2 98 8 48 29 16 85 72 45 22 35 73 94 6 59 69 16 25 41 35 1 55 66 86 27 
51 20 38 33 40 22 35 72 50 83 38 16 74 76 17 93 22 95 90 39 15 93 16 72 88 62 73 35 91 7 29 2 60 81 91 38 71 92 51 96 19 53 57 69 29 53 96 66 75 62 12 34 89 27 40 63 79 45 59 2 48 63 19 15 95 89 22 57 97 56 25 22 10 80 86 74 67 56 86 28 
67 55 51 5 32 91 54 67 4 10 93 13 57 66 87 69 74 45 76 41 59 46 46 55 39 34 76 87 7 47 14 70 58 56 45 12 11 77 48 46 3 90 99 18 48 86 88 14 29 6 75 50 42 65 35 93 26 86 1 90 51 52 18 5 78 11 53 29 64 96 70 10 72 61 46 70 22 44 74 19 
15 67 53 5 70 38 70 90 6 81 23 73 65 62 0 55 69 33 15 95 65 89 98 85 22 2 45 89 14 59 26 37 73 1 90 28 99 16 94 13 5 71 9 19 90 83 20 66 68 85 15 50 55 15 38 78 90 5 25 91 66 32 87 98 63 20 73 40 24 40 76 9 1 47 8 44 98 20 32 92 
95 60 18 61 50 63 89 12 65 32 84 61 20 62 25 84 29 75 74 98 10 42 82 12 23 9 43 64 69 60 90 7 54 69 96 2 98 8 48 29 16 85 72 45 22 35 73 94 6 59 69 16 25 41 35 1 55 66 86 27 51 20 38 33 40 22 35 72 50 83 38 16 74 76 17 93 22 95 90 39 
15 93 16 72 88 62 73 35 91 7 29 2 60 81 91 38 71 92 51 96 19 53 57 69 29 53 96 66 75 62 12 34 89 27 40 63 79 45 59 2 48 63 19 15 95 89 22 57 97 56 25 22 10 80 86 74 67 56 86 28 67 55 51 5 32 91 54 67 4 10 93 13 57 66 87 69 74 45 76 41 
59 46 46 55 39 34 76 87 7 47 14 70 58 56 45 12 11 77 48 46 3 90 99 18 48 86 88 14 29 6 75 50 42 65 35 93 26 86 1 90 51 52 18 5 78 11 53 29 64 96 70 10 72 61 46 70 22 44 74 19 15 67 53 5 70 38 70 90 6 81 23 73 65 62 0 55 69 33 15 95 
65 89 98 85 22 2 45 89 14 59 26 37 73 1 90 28 99 16 94 13 5 71 9 19 90 83 20 66 68 85 15 50 55 15 38 78 90 5 25 91 66 32 87 98 63 20 73 40 24 40 76 9 1 47 8 44 98 20 32 92 95 60 18 61 50 63 89 12 65 32 84 61 20 62 25 84 29 75 74 98 
10 42 82 12 23 9 43 64 69 60 90 7 54 69 96 2 98 8 48 29 16 85 72 45 22 35 73 94 6 59 69 16 25 41 35 1 55 66 86 27 51 20 38 33 40 22 35 72 50 83 38 16 74 76 17 93 22 95 90 39 15 93 16 72 88 62 73 35 91 7 29 2 60 81 91 38 71 92 51 96 
19 53 57 69 29 53 96 66 75 62 12 34 89 27 40 63 79 45 59 2 48 63 19 15 95 89 22 57 97 56 25 22 10 80 86 74 67 56 86 28 67 55 51 5 32 91 54 67 4 10 93 13 57 66 87 69 74 45 76 41 59 46 46 55 39 34 76 87 7 47 14 70 58 56 45 12 11 77 48 46 
3 90 99 18 48 86 88 14 29 6 75 50 42 65 35 93 26 86 1 90 51 52 18 5 78 11 53 29 64 96 70 10 72 61 46 70 22 44 74 19 15 67 53 5 70 38 70 90 6 81 23 73 65 62 0 55 69 33 15 95 65 89 98 85 22 2 45 89 14 59 26 37 73 1 90 28 99 16 94 13 
5 71 9 19 90 83 20 66 68 85 15 50 55 15 38 78 90 5 25 91 66 32 87 98 63 20 73 40 24 40 76 9 1 47 8 44 98 20 32 92 95 60 18 61 50 63 89 12 65 32 84 61 20 62 25 84 29 75 74 98 10 42 82 12 23 9 43 64 69 60 90 7 54 69 96 2 98 8 48 29 
16 85 72 45 22 35 73 94 6 59 69 16 25 41 35 1 55 66 86 27 51 20 38 33 40 22 35 72 50 83 38 16 74 76 17 93 22 95 90 39 15 93 16 72 88 62 73 35 91 7 29 2 60 81 91 38 71 92 51 96 19 53 57 69 29 53 96 66 75 62 12 34 89 27 40 63 79 45 59 2 
48 63 19 15 95 89 22 57 97 56 25 22 10 80 86 74 67 56 86 28 67 55 51 5 32 91 54 67 4 10 93 13 57 66 87 69 74 45 76 41 59 46 46 55 39 34 76 87 7 47 14 70 58 56 45 12 11 77 48 46 3 90 99 18 48 86 88 14 29 6 75 50 42 65 35 93 26 86 1 90 
51 52 18 5 78 11 53 29 64 96 70 10 72 61 46 70 22 44 74 19 15 67 53 5 70 38 70 90 6 81 23 73 65 62 0 55 69 33 15 95 65 89 98 85 22 2 45 89 14 59 26 37 73 1 90 28 99 16 94 13 5 71 9 19 90 83 20 66 68 85 15 50 55 15 38 78 90 5 25 91 
66 32 87 98 63 20 73 40 24 40 76 9 1 47 8 44 98 20 32 92 95 60 18 61 50 63 89 12 65 32 84 61 20 62 25 84 29 75 74 98 10 42 82 12 23 9 43 64 69 60 90 7 54 69 96 2 98 8 48 29 16 85 72 45 22 35 73 94 6 59 69 16 25 41 35 1 55 66 86 27 
51 20 38 33 40 22 35 72 50 83 38 16 74 76 17 93 22 95 90 39 15 93 16 72 88 62 73 35 91 7 29 2 60 81 91 38 71 92 51 96 19 53 57 69 29 53 96 66 75 62 12 34 89 27 40 63 79 45 59 2 48 63 19 15 95 89 22 57 97 56 25 22 10 80 86 74 67 56 86 28 
67 55 51 5 32 91 54 67 4 10 93 13 57 66 87 69 74 45 76 41 59 46 46 55 39 34 76 87 7 47 14 70 58 56 45 12 11 77 48 46 3 90 99 18 48 86 88 14 29 6 75 50 42 65 35 93 26 86 1 90 51 52 18 5 78 11 53 29 64 96 70 10 72 61 46 70 22 44 74 19 
15 67 53 5 70 38 70 90 6 81 23 73 65 62 0 55 69 33 15 95 65 89 98 85 22 2 45 89 14 59 26 37 73 1 90 28 99 16 94 13 5 71 9 19 90 83 20 66 68 85 15 50 55 15 38 78 90 5 25 91 66 32 87 98 63 20 73 40 24 40 76 9 1 47 8 44 98 20 32 92 
95 60 18 61 50 63 89 12 65 32 84 61 20 62 25 84 29 75 74 98 10 42 82 12 23 9 43 64 69 60 90 7 54 69 96 2 98 8 48 29 16 85 72 45 22 35 73 94 6 59 69 16 25 41 35 1 55 66 86 27 51 20 38 33 40 22 35 72 50 83 38 16 74 76 17 93 22 95 90 39 
15 93 16 72 88 62 73 35 91 7 29 2 60 81 91 38 71 92 51 96 19 53 57 69 29 53 96 66 75 62 12 34 89 27 40 63 79 45 59 2 48 63 19 15 95 89 22 57 97 56 25 22 10 80 86 74 67 56 86 28 67 55 51 5 32 91 54 67 4 10 93 13 57 66 87 69 74 45 76 41 
59 46 46 55 39 34 76 87 7 47 14 70 58 56 45 12 11 77 48 46 3 90 99 18 48 86 88 14 29 6 75 50 42 65 35 93 26 86 1 90 51 52 18 5 78 11 53 29 64 96 70 10 72 61 46 70 22 44 74 19 15 67 53 5 70 38 70 90 6 81 23 73 65 62 0 55 69 33 15 95 
65 89 98 85 22 2 45 89 14 59 26 37 73 1 90 28 99 16 94 13 5 71 9 19 90 83 20 66 68 85 15 50 55 15 38 78 90 5 25 91 66 32 87 98 63 20 73 40 24 40 76 9 1 47 8 44 98 20 32 92 95 60 18 61 50 63 89 12 65 32 84 61 20 62 25 84 29 75 74 98 
10 42 82 12 23 9 43 64 69 60 90 7 54 69 96 2 98 8 48 29 16 85 72 45 22 35 73 94 6 59 69 16 25 41 35 1 55 66 86 27 51 20 38 33 40 22 35 72 50 83 38 16 74 76 17 93 22 95 90 39 15 93 16 72 88 62 73 35 91 7 29 2 60 81 91 38 71 92 51 96 
19 53 57 69 29 53 96 66 75 62 12 34 89 27 40 63 79 45 59 2 48 63 19 15 95 89 22 57 97 56 25 22 10 80 86 74 67 56 86 28 67 55 51 5 32 91 54 67 4 10 93 13 57 66 87 69 74 45 76 41 59 46 46 55 39 34 76 87 7 47 14 70 58 56 45 12 11 77 48 46 
3 90 99 18 48 86 88 14 29 6 75 50 42 65 35 93 26 86 1 90 51 52 18 5 78 11 53 29 64 96 70 10 72 61 46 70 22 44 74 19 15 67 53 5 70 38 70 90 6 81 23 73 65 62 0 55 69 33 15 95 65 89 98 85 22 2 45 89 14 59 26 37 73 1 90 28 99 16 94 13 
5 71 9 19 90 83 20 66 68 85 15 50 55 15 38 78 90 5 25 91 66 32 87 98 63 20 73 40 24 40 76 9 1 47 8 44 98 20 32 92 95 60 18 61 50 63 89 12 65 32 84 61 20 62 25 84 29 75 74 98 10 42 82 12 23 9 43 64 69 60 90 7 54 69 96 2 98 8 48 29 
16 85 72 45 22 35 73 94 6 59 69 16 25 41 35 1 55 66 86 27 51 20 38 33 40 22 35 72 50 83 38 16 74 76 17 93 22 95 90 39 15 93 16 72 88 62 73 35 91 7 29 2 60 81 91 38 71 92 51 96 19 53 57 69 29 53 96 66 75 62 12 34 89 27 40 63 79 45 59 2 
48 63 19 15 95 89 22 57 97 56 25 22 10 80 86 74 67 56 86 28 67 55 51 5 32 91 54 67 4 10 93 13 57 66 87 69 74 45 76 41 59 46 46 55 39 34 76 87 7 47 14 70 58 56 45 12 11 77 48 46 3 90 99 18 48 86 88 14 29 6 75 50 42 65 35 93 26 86 1 90 
51 52 18 5 78 11 53 29 64 96 70 10 72 61 46 70 22 44 74 19 15 67 53 5 70 38 70 90 6 81 23 73 65 62 0 55 69 33 15 95 65 89 98 85 22 2 45 89 14 59 26 37 73 1 90 28 99 16 94 13 5 71 9 19 90 83 20 66 68 85 15 50 55 15 38 78 90 5 25 91 
66 32 87 98 63 20 73 40 24 40 76 9 1 47 8 44 98 20 32 92 95 60 18 61 50 63 89 12 65 32 84 61 20 62 25 84 29 75 74 98 10 42 82 12 23 9 43 64 69 60 90 7 54 69 96 2 98 8 48 29 16 85 72 45 22 35 73 94 6 59 69 16 25 41 35 1 55 66 86 27 
51 20 38 33 40 22 35 72 50 83 38 16 74 76 17 93 22 95 90 39 15 93 16 72 88 62 73 35 91 7 29 2 60 81 91 38 71 92 51 96 19 53 57 69 29 53 96 66 75 62 12 34 89 27 40 63 79 45 59 2 48 63 19 15 95 89 22 57 97 56 25 22 10 80 86 74 67 56 86 28 
67 55 51 5 32 91 54 67 4 10 93 13 57 66 87 69 74 45 76 41 59 46 46 55 39 34 76 87 7 47 14 70 58 56 45 12 11 77 48 46 3 90 99 18 48 86 88 14 29 6 75 50 42 65 35 93 26 86 1 90 51 52 18 5 78 11 53 29 64 96 70 10 72 61 46 70 22 44 74 19 
15 67 53 5 70 38 70 90 6 81 23 73 65 62 0 55 69 33 15 95 65 89 98 85 22 2 45 89 14 59 26 37 73 1 90 28 99 16 94 13 5 71 9 19 90 83 20 66 68 85 15 50 55 15 38 78 90 5 25 91 66 32 87 98 63 20 73 40 24 40 76 9 1 47 8 44 98 20 32 92 
95 60 18 61 50 63 89 12 65 32 84 61 20 62 25 84 29 75 74 98 10 42 82 12 23 9 43 64 69 60 90 7 54 69 96 2 98 8 48 29 16 85 72 45 22 35 73 94 6 59 69 16 25 41 35 1 55 66 86 27 51 20 38 33 40 22 35 72 50 83 38 16 74 76 17 93 22 95 90 39 
15 93 16 72 88 62 73 35 91 7 29 2 60 81 91 38 71 92 51 96 19 53 57 69 29 53 96 66 75 62 12 34 89 27 40 63 79 45 59 2 48 63 19 15 95 89 22 57 97 56 25 22 10 80 86 74 67 56 86 28 67 55 51 5 32 91 54 67 4 10 93 13 57 66 87 69 74 45 76 41 
59 46 46 55 39 34 76 87 7 47 14 70 58 56 45 12 11 77 48 46 3 90 99 18 48 86 88 14 29 6 75 50 42 65 35 93 26 86 1 90 51 52 18 5 78 11 53 29 64 96 70 10 72 61 46 70 22 44 74 19 15 67 53 5 70 38 70 90 6 81 23 73 65 62 0 55 69 33 15 95 
65 89 98 85 22 2 45 89 14 59 26 37 73 1 90 28 99 16 94 13 5 71 9 19 90 83 20 66 68 85 15 50 55 15 38 78 90 5 25 91 66 32 87 98 63 20 73 40 24 40 76 9 1 47 8 44 98 20 32 92 95 60 18 61 50 63 89 12 65 32 84 61 20 62 25 84 29 75 74 98 
10 42 82 12 23 9 43 64 69 60 90 7 54 69 96 2 98 8 48 29 16 85 72 45 22 35 73 94 6 59 69 16 25 41 35 1 55 66 86 27 51 20 38 33 40 22 35 72 50 83 38 16 74 76 17 93 22 95 90 39 15 93 16 72 88 62 73 35 91 7 29 2 60 81 91 38 71 92 51 96 
19 53 57 69 29 53 96 66 75 62 12 34 89 27 40 63 79 45 59 2 48 63 19 15 95 89 22 57 97 56 25 22 10 80 86 74 67 56 86 28 67 55 51 5 32 91 54 67 4 10 93 13 57 66 87 69 74 45 76 41 59 46 46 55 39 34 76 87 7 47 14 70 58 56 45 12 11 77 48 46 
3 90 99 18 48 86 88 14 29 6 75 50 42 65 35 93 26 86 1 90 51 52 18 5 78 11 53 29 64 96 70 10 72 61 46 70 22 44 74 19 15 67 53 5 70 38 70 90 6 81 23 73 65 62 0 55 69 33 15 95 65 89 98 85 22 2 45 89 14 59 26 37 73 1 90 28 99 16 94 13 
5 71 9 19 90 83 20 66 68 85 15 50 55 15 38 78 90 5 25 91 66 32 87 98 63 20 73 40 24 40 76 9 1 47 8 44 98 20 32 92 95 60 18 61 50 63 89 12 65 32 84 61 20 62 25 84 29 75 74 98 10 42 82 12 23 9 43 64 69 60 90 7 54 69 96 2 98 8 48 29 
16 85 72 45 22 35 73 94 6 59 69 16 25 41 35 1 55 66 86 27 51 20 38 33 40 22 35 72 50 83 38 16 74 76 17 93 22 95 90 39 15 93 16 72 88 62 73 35 91 7 29 2 60 81 91 38 71 92 51 96 19 53 57 69 29 53 96 66 75 62 12 34 89 27 40 63 79 45 59 2 
48 63 19 15 95 89 22 57 97 56 25 22 10 80 86 74 67 56 86 28 67 55 51 5 32 91 54 67 4 10 93 13 57 66 87 69 74 45 76 41 59 46 46 55 39 34 76 87 7 47 14 70 58 56 45 12 11 77 48 46 3 90 99 18 48 86 88 14 29 6 75 50 42 65 35 93 26 86 1 90 
51 52 18 5 78 11 53 29 64 96 70 10 72 61 46 70 22 44 74 19 15 67 53 5 70 38 70 90 6 81 23 73 65 62 0 55 69 33 15 95 65 89 98 85 22 2 45 89 14 59 26 37 73 1 90 28 99 16 94 13 5 71 9 19 90 83 20 66 68 85 15 50 55 15 38 78 90 5 25 91 
66 32 87 98 63 20 73 40 24 40 76 9 1 47 8 44 98 20 32 92 95 60 18 61 50 63 89 12 65 32 84 61 20 62 25 84 29 75 74 98 10 42 82 12 23 9 43 64 69 60 90 7 54 69 96 2 98 8 48 29 16 85 72 45 22 35 73 94 6 59 69 16 25 41 35 1 55 66 86 27 
51 20 38 33 40 22 35 72 50 83 38 16 74 76 17 93 22 95 90 39 15 93 16 72 88 62 73 35 91 7 29 2 60 81 91 38 71 92 51 96 19 53 57 69 29 53 96 66 75 62 12 34 89 27 40 63 79 45 59 2 48 63 19 15 95 89 22 57 97 56 25 22 10 80 86 74 67 56 86 28 
67 55 51 5 32 91 54 67 4 10 93 13 57 66 87 69 74 45 76 41 59 46 46 55 39 34 76 87 7 47 14 70 58 56 45 12 11 77 48 46 3 90 99 18 48 86 88 14 29 6 75 50 42 65 35 93 26 86 1 90 51 52 18 5 78 11 53 29 64 96 70 10 72 61 46 70 22 44 74 19 
15 67 53 5 70 38 70 90 6 81 23 73 65 62 0 55 69 33 15 95 65 89 98 85 22 2 45 89 14 59 26 37 73 1 90 28 99 16 94 13 5 71 9 19 90 83 20 66 68 85 15 50 55 15 38 78 90 5 25 91 66 32 87 98 63 20 73 40 24 40 76 9 1 47 8 44 98 20 32 92 
95 60 18 61 50 63 89 12 65 32 84 61 20 62 25 84 29 75 74 98 10 42 82 12 23 9 43 64 69 60 90 7 54 69 96 2 98 8 48 29 16 85 72 45 22 35 73 94 6 59 69 16 25 41 35 1 55 66 86 27 51 20 38 33 40 22 35 72 50 83 38 16 74 76 17 93 22 95 90 39 
15 93 16 72 88 62 73 35 91 7 29 2 60 81 91 38 71 92 51 96 19 53 57 69 29 53 96 66 75 62 12 34 89 27 40 63 79 45 59 2 48 63 19 15 95 89 22 57 97 56 25 22 10 80 86 74 67 56 86 28 67 55 51 5 32 91 54 67 4 10 93 13 57 66 87 69 74 45 76 41 
59 46 46 55 39 34 76 87 7 47 14 70 58 56 45 12 11 77 48 46 3 90 99 18 48 86 88 14 29 6 75 50 42 65 35 93 26 86 1 90 51 52 18 5 78 11 53 29 64 96 70 10 72 61 46 70 22 44 74 19 15 67 53 5 70 38 70 90 6 81 23 73 65 62 0 55 69 33 15 95 
65 89 98 85 22 2 45 89 14 59 26 37 73 1 90 28 99 16 94 13 5 71 9 19 90 83 20 66 68 85 15 50 55 15 38 78 90 5 25 91 66 32 87 98 63 20 73 40 24 40 76 9 1 47 8 44 98 20 32 92 95 60 18 61 50 63 89 12 65 32 84 61 20 62 25 84 29 75 74 98 
10 42 82 12 23 9 43 64 69 60 90 7 54 69 96 2 98 8 48 29 16 85 72 45 22 35 73 94 6 59 69 16 25 41 35 1 55 66 86 27 51 20 38 33 40 22 35 72 50 83 38 16 74 76 17 93 22 95 90 39 15 93 16 72 88 62 73 35 91 7 29 2 60 81 91 38 71 92 51 96 
19 53 57 69 29 53 96 66 75 62 12 34 89 27 40 63 79 45 59 2 48 63 19 15 95 89 22 57 97 56 25 22 10 80 86 74 67 56 86 28 67 55 51 5 32 91 54 67 4 10 93 13 57 66 87 69 74 45 76 41 59 46 46 55 39 34 76 87 7 47 14 70 58 56 45 12 11 77 48 46 
3 90 99 18 48 86 88 14 29 6 75 50 42 65 35 93 26 86 1 90 51 52 18 5 78 11 53 29 64 96 70 10 72 61 46 70 22 44 74 19 15 67 53 5 70 38 70 90 6 81 23 73 65 62 0 55 69 33 15 95 65 89 98 85 22 2 45 89 14 59 26 37 73 1 90 28 99 16 94 13 
5 71 9 19 90 83 20 66 68 85 15 50 55 15 38 78 90 5 25 91 66 32 87 98 63 20 73 40 24 40 76 9 1 47 8 44 98 20 32 92 95 60 18 61 50 63 89 12 65 32 84 61 20 62 25 84 29 75 74 98 10 42 82 12 23 9 43 64 69 60 90 7 54 69 96 2 98 8 48 29 
16 85 72 45 22 35 73 94 6 59 69 16 25 41 35 1 55 66 86 27 51 20 38 33 40 22 35 72 50 83 38 16 74 76 17 93 22 95 90 39 15 93 16 72 88 62 73 35 91 7 29 2 60 81 91 38 71 92 51 96 19 53 57 69 29 53 96 66 75 62 12 34 89 27 40 63 79 45 59 2 
48 63 19 15 95 89 22 57 97 56 25 22 10 80 86 74 67 56 86 28 67 55 51 5 32 91 54 67 4 10 93 13 57 66 87 69 74 45 76 41 59 46 46 55 39 34 76 87 7 47 14 70 58 56 45 12 11 77 48 46 3 90 99 18 48 86 88 14 29 6 75 50 42 65 35 93 26 86 1 90 
51 52 18 5 78 11 53 29 64 96 70 10 72 61 46 70 22 44 74 19 15 67 53 5 70 38 70 90 6 81 23 73 65 62 0 55 69 33 15 95 65 89 98 85 22 2 45 89 14 59 26 37 73 1 90 28 99 16 94 13 5 71 9 19 90 83 20 66 68 85 15 50 55 15 38 78 90 5 25 91 
66 32 87 98 63 20 73 40 24 40 76 9 1 47 8 44 98 20 32 92 95 60 18 61 50 63 89 12 65 32 84 61 20 62 25 84 29 75 74 98 10 42 82 12 23 9 43 64 69 60 90 7 54 69 96 2 98 8 48 29 16 85 72 45 22 35 73 94 6 59 69 16 25 41 35 1 55 66 86 27 
51 20 38 33 40 22 35 72 50 83 38 16 74 76 17 93 22 95 90 39 15 93 16 72 88 62 73 35 91 7 29 2 60 81 91 38 71 92 51 96 19 53 57 69 29 53 96 66 75 62 12 34 89 27 40 63 79 45 59 2 48 63 19 15 95 89 22 57 97 56 25 22 10 80 86 74 67 56 86 28 
67 55 51 5 32 91 54 67 4 10 93 13 57 66 87 69 74 45 76 41 59 46 46 55 39 34 76 87 7 47 14 70 58 56 45 12 11 77 48 46 3 90 99 18 48 86 88 14 29 6 75 50 42 65 35 93 26 86 1 90 51 52 18 5 78 11 53 29 64 96 70 10 72 61 46 70 22 44 74 19 
15 67 53 5 70 38 70 90 6 81 23 73 65 62 0 55 69 33 15 95 65 89 98 85 22 2 45 89 14 59 26 37 73 1 90 28 99 16 94 13 5 71 9 19 90 83 20 66 68 85 15 50 55 15 38 78 90 5 25 91 66 32 87 98 63 20 73 40 24 40 76 9 1 47 8 44 98 20 32 92 
95 60 18 61 50 63 89 12 65 32 84 61 20 62 25 84 29 75 74 98 10 42 82 12 23 9 43 64 69 60 90 7 54 69 96 2 98 8 48 29 16 85 72 45 22 35 73 94 6 59 69 16 25 41 35 1 55 66 86 27 51 20 38 33 40 22 35 72 50 83 38 16 74 76 17 93 22 95 90 39 
15 93 16 72 88 62 73 35 91 7 29 2 60 81 91 38 71 92 51 96 19 53 57 69 29 53 96 66 75 62 12 34 89 27 40 63 79 45 59 2 48 63 19 15 95 89 22 57 97 56 25 22 10 80 86 74 67 56 86 28 67 55 51 5 32 91 54 67 4 10 93 13 57 66 87 69 74 45 76 41 
59 46 46 55 39 34 76 87 7 47 14 70 58 56 45 12 11 77 48 46 3 90 99 18 48 86 88 14 29 6 75 50 42 65 35 93 26 86 1 90 51 52 18 5 78 11 53 29 64 96 70 10 72 61 46 70 22 44 74 19 15 67 53 5 70 38 70 90 6 81 23 73 65 62 0 55 69 33 15 95 
65 89 98 85 22 2 45 89 14 59 26 37 73 1 90 28 99 16 94 13 5 71 9 19 90 83 20 66 68 85 15 50 55 15 38 78 90 5 25 91 66 32 87 98 63 20 73 40 24 40 76 9 1 47 8 44 98 20 32 92 95 60 18 61 50 63 89 12 65 32 84 61 20 62 25 84 29 75 74 98 
10 42 82 12 23 9 43 64 69 60 90 7 54 69 96 2 98 8 48 29 16 85 72 45 22 35 73 94 6 59 69 16 25 41 35 1 55 66 86 27 51 20 38 33 40 22 35 72 50 83 38 16 74 76 17 93 22 95 90 39 15 93 16 72 88 62 73 35 91 7 29 2 60 81 91 38 71 92 51 96 
19 53 57 69 29 53 96 66 75 62 12 34 89 27 40 63 79 45 59 2 48 63 19 15 95 89 22 57 97 56 25 22 10 80 86 74 67 56 86 28 67 55 51 5 32 91 54 67 4 10 93 13 57 66 87 69 74 45 76 41 59 46 46 55 39 34 76 87 7 47 14 70 58 56 45 12 11 77 48 46 
3 90 99 18 48 86 88 14 29 6 75 50 42 65 35 93 26 86 1 90 51 52 18 5 78 11 53 29 64 96 70 10 72 61 46 70 22 44 74 19 15 67 53 5 70 38 70 90 6 81 23 73 65 62 0 55 69 33 15 95 65 89 98 85 22 2 45 89 14 59 26 37 73 1 90 28 99 16 94 13 
5 71 9 19 90 83 20 66 68 85 15 50 55 15 38 78 90 5 25 91 66 32 87 98 63 20 73 40 24 40 76 9 1 47 8 44 98 20 32 92 95 60 18 61 50 63 89 12 65 32 84 61 20 62 25 84 29 75 74 98 10 42 82 12 23 9 43 64 69 60 90 7 54 69 96 2 98 8 48 29 
16 85 72 45 22 35 73 94 6 59 69 16 25 41 35 1 55 66 86 27 51 20 38 33 40 22 35 72 50 83 38 16 74 76 17 93 22 95 90 39 15 93 16 72 88 62 73 35 91 7 29 2 60 81 91 38 71 92 51 96 19 53 57 69 29 53 96 66 75 62 12 34 89 27 40 63 79 45 59 2 
48 63 19 15 95 89 22 57 97 56 25 22 10 80 86 74 67 56 86 28 67 55 51 5 32 91 54 67 4 10 93 13 57 66 87 69 74 45 76 41 59 46 46 55 39 34 76 87 7 47 14 70 58 56 45 12 11 77 48 46 3 90 99 18 48 86 88 14 29 6 75 50 42 65 35 93 26 86 1 90 
51 52 18 5 78 11 53 29 64 96 70 10 72 61 46 70 22 44 74 19 15 67 53 5 70 38 70 90 6 81 23 73 65 62 0 55 69 33 15 95 65 89 98 85 22 2 45 89 14 59 26 37 73 1 90 28 99 16 94 13 5 71 9 19 90 83 20 66 68 85 15 50 55 15 38 78 90 5 25 91 
66 32 87 98 63 20 73 40 24 40 76 9 1 47 8 44 98 20 32 92 95 60 18 61 50 63 89 12 65 32 84 61 20 62 25 84 29 75 74 98 10 42 82 12 23 9 43 64 69 60 90 7 54 69 96 2 98 8 48 29 16 85 72 45 22 35 73 94 6 59 69 16 25 41 35 1 55 66 86 27 
51 20 38 33 40 22 35 72 50 83 38 16 74 76 17 93 22 95 90 39 15 93 16 72 88 62 73 35 91 7 29 2 60 81 91 38 71 92 51 96 19 53 57 69 29 53 96 66 75 62 12 34 89 27 40 63 79 45 59 2 48 63 19 15 95 89 22 57 97 56 25 22 10 80 86 74 67 56 86 28 
67 55 51 5 32 91 54 67 4 10 93 13 57 66 87 69 74 45 76 41 59 46 46 55 39 34 76 87 7 47 14 70 58 56 45 12 11 77 48 46 3 90 99 18 48 86 88 14 29 6 75 50 42 65 35 93 26 86 1 90 51 52 18 5 78 11 53 29 64 96 70 10 72 61 46 70 22 44 74 19 
15 67 53 5 70 38 70 90 6 81 23 73 65 62 0 55 69 33 15 95 65 89 98 85 22 2 45 89 14 59 26 37 73 1 90 28 99 16 94 13 5 71 9 19 90 83 20 66 68 85 15 50 55 15 38 78 90 5 25 91 66 32 87 98 63 20 73 40 24 40 76 9 1 47 8 44 98 20 32 92 
95 60 18 61 50 63 89 12 65 32 84 61 20 62 25 84 29 75 74 98 10 42 82 12 23 9 43 64 69 60 90 7 54 69 96 2 98 8 48 29 16 85 72 45 22 35 73 94 6 59 69 16 25 41 35 1 55 66 86 27 51 20 38 33 40 22 35 72 50 83 38 16 74 76 17 93 22 95 90 39 
15 93 16 72 88 62 73 35 91 7 29 2 60 81 91 38 71 92 51 96 19 53 57 69 29 53 96 66 75 62 12 34 89 27 40 63 79 45 59 2 48 63 19 15 95 89 22 57 97 56 25 22 10 80 86 74 67 56 86 28 67 55 51 5 32 91 54 67 4 10 93 13 57 66 87 69 74 45 76 41 
59 46 46 55 39 34 76 87 7 47 14 70 58 56 45 12 11 77 48 46 3 90 99 18 48 86 88 14 29 6 75 50 42 65 35 93 26 86 1 90 51 52 18 5 78 11 53 29 64 96 70 10 72 61 46 70 22 44 74 19 15 67 53 5 70 38 70 90 6 81 23 73 65 62 0 55 69 33 15 95 
65 89 98 85 22 2 45 89 14 59 26 37 73 1 90 28 99 16 94 13 5 71 9 19 90 83 20 66 68 85 15 50 55 15 38 78 90 5 25 91 66 32 87 98 63 20 73 40 24 40 76 9 1 47 8 44 98 20 32 92 95 60 18 61 50 63 89 12 65 32 84 61 20 62 25 84 29 75 74 98 
10 42 82 12 23 9 43 64 69 60 90 7 54 69 96 2 98 8 48 29 16 85 72 45 22 35 73 94 6 59 69 16 25 41 35 1 55 66 86 27 51 20 38 33 40 22 35 72 50 83 38 16 74 76 17 93 22 95 90 39 15 93 16 72 88 62 73 35 91 7 29 2 60 81 91 38 71 92 51 96 
19 53 57 69 29 53 96 66 75 62 12 34 89 27 40 63 79 45 59 2 48 63 19 15 95 89 22 57 97 56 25 22 10 80 86 74 67 56 86 28 67 55 51 5 32 91 54 67 4 10 93 13 57 66 87 69 74 45 76 41 59 46 46 55 39 34 76 87 7 47 14 70 58 56 45 12 11 77 48 46 
3 90 99 18 48 86 88 14 29 6 75 50 42 65 35 93 26 86 1 90 51 52 18 5 78 11 53 29 64 96 70 10 72 61 46 70 22 44 74 19 15 67 53 5 70 38 70 90 6 81 23 73 65 62 0 55 69 33 15 95 65 89 98 85 22 2 45 89 14 59 26 37 73 1 90 28 99 16 94 13 
5 71 9 19 90 83 20 66 68 85 15 50 55 15 38 78 90 5 25 91 66 32 87 98 63 20 73 40 24 40 76 9 1 47 8 44 98 20 32 92 95 60 18 61 50 63 89 12 65 32 84 61 20 62 25 84 29 75 74 98 10 42 82 12 23 9 43 64 69 60 90 7 54 69 96 2 98 8 48 29 
16 85 72 45 22 35 73 94 6 59 69 16 25 41 35 1 55 66 86 27 51 20 38 33 40 22 35 72 50 83 38 16 74 76 17 93 22 95 90 39 15 93 16 72 88 62 73 35 91 7 29 2 60 81 91 38 71 92 51 96 19 53 57 69 29 53 96 66 75 62 12 34 89 27 40 63 79 45 59 2 
48 63 19 15 95 89 22 57 97 56 25 22 10 80 86 74 67 56 86 28 67 55 51 5 32 91 54 67 4 10 93 13 57 66 87 69 74 45 76 41 59 46 46 55 39 34 76 87 7 47 14 70 58 56 45 12 11 77 48 46 3 90 99 18 48 86 88 14 29 6 75 50 42 65 35 93 26 86 1 90 
51 52 18 5 78 11 53 29 64 96 70 10 72 61 46 70 22 44 74 19 15 67 53 5 70 38 70 90 6 81 23 73 65 62 0 55 69 33 15 95 65 89 98 85 22 2 45 89 14 59 26 37 73 1 90 28 99 16 94 13 5 71 9 19 90 83 20 66 68 85 15 50 55 15 38 78 90 5 25 91 
66 32 87 98 63 20 73 40 24 40 76 9 1 47 8 44 98 20 32 92 95 60 18 61 50 63 89 12 65 32 84 61 20 62 25 84 29 75 74 98 10 42 82 12 23 9 43 64 69 60 90 7 54 69 96 2 98 8 48 29 16 85 72 45 22 35 73 94 6 59 69 16 25 41 35 1 55 66 86 27 
51 20 38 33 40 22 35 72 50 83 38 16 74 76 17 93 22 95 90 39 15 93 16 72 88 62 73 35 91 7 29 2 60 81 91 38 71 92 51 96 19 53 57 69 29 53 96 66 75 62 12 34 89 27 40 63 79 45 59 2 48 63 19 15 95 89 22 57 97 56 25 22 10 80 86 74 67 56 86 28 
67 55 51 5 32 91 54 67 4 10 93 13 57 66 87 69 74 45 76 41 59 46 46 55 39 34 76 87 7 47 14 70 58 56 45 12 11 77 48 46 3 90 99 18 48 86 88 14 29 6 75 50 42 65 35 93 26 86 1 90 51 52 18 5 78 11 53 29 64 96 70 10 72 61 46 70 22 44 74 19 
15 67 53 5 70 38 70 90 6 81 23 73 65 62 0 55 69 33 15 95 65 89 98 85 22 2 45 89 14 59 26 37 73 1 90 28 99 16 94 13 5 71 9 19 90 83 20 66 68 85 15 50 55 15 38 78 90 5 25 91 66 32 87 98 63 20 73 40 24 40 76 9 1 47 8 44 98 20 32 92 
95 60 18 61 50 63 89 12 65 32 84 61 20 62 25 84 29 75 74 98 10 42 82 12 23 9 43 64 69 60 90 7 54 69 96 2 98 8 48 29 16 85 72 45 22 35 73 94 6 59 69 16 25 41 35 1 55 66 86 27 51 20 38 33 40 22 35 72 50 83 38 16 74 76 17 93 22 95 90 39 
15 93 16 72 88 62 73 35 91 7 29 2 60 81 91 38 71 92 51 96 19 53 57 69 29 53 96 66 75 62 12 34 89 27 40 63 79 45 59 2 48 63 19 15 95 89 22 57 97 56 25 22 10 80 86 74 67 56 86 28 67 55 51 5 32 91 54 67 4 10 93 13 57 66 87 69 74 45 76 41 
59 46 46 55 39 34 76 87 7 47 14 70 58 56 45 12 11 77 48 46 3 90 99 18 48 86 88 14 29 6 75 50 42 65 35 93 26 86 1 90 51 52 18 5 78 11 53 29 64 96 70 10 72 61 46 70 22 44 74 19 15 67 53 5 70 38 70 90 6 81 23 73 65 62 0 55 69 33 15 95 
65 89 98 85 22 2 45 89 14 59 26 37 73 1 90 28 99 16 94 13 5 71 9 19 90 83 20 66 68 85 15 50 55 15 38 78 90 5 25 91 66 32 87 98 63 20 73 40 24 40 76 9 1 47 8 44 98 20 32 92 95 60 18 61 50 63 89 12 65 32 84 61 20 62 25 84 29 75 74 98 
10 42 82 12 23 9 43 64 69 60 90 7 54 69 96 2 98 8 48 29 16 85 72 45 22 35 73 94 6 59 69 16 25 41 35 1 55 66 86 27 51 20 38 33 40 22 35 72 50 83 38 16 74 76 17 93 22 95 90 39 15 93 16 72 88 62 73 35 91 7 29 2 60 81 91 38 71 92 51 96 
19 53 57 69 29 53 96 66 75 62 12 34 89 27 40 63 79 45 59 2 48 63 19 15 95 89 22 57 97 56 25 22 10 80 86 74 67 56 86 28 67 55 51 5 32 91 54 67 4 10 93 13 57 66 87 69 74 45 76 41 59 46 46 55 39 34 76 87 7 47 14 70 58 56 45 12 11 77 48 46 
3 90 99 18 48 86 88 14 29 6 75 50 42 65 35 93 26 86 1 90 51 52 18 5 78 11 53 29 64 96 70 10 72 61 46 70 22 44 74 19 15 67 53 5 70 38 70 90 6 81 23 73 65 62 0 55 69 33 15 95 65 89 98 85 22 2 45 89 14 59 26 37 73 1 90 28 99 16 94 13 
5 71 9 19 90 83 20 66 68 85 15 50 55 15 38 78 90 5 25 91 66 32 87 98 63 20 73 40 24 40 76 9 1 47 8 44 98 20 32 92 95 60 18 61 50 63 89 12 65 32 84 61 20 62 25 84 29 75 74 98 10 42 82 12 23 9 43 64 69 60 90 7 54 69 96 2 98 8 48 29 
16 85 72 45 22 35 73 94 6 59 69 16 25 41 35 1 55 66 86 27 51 20 38 33 40 22 35 72 50 83 38 16 74 76 17 93 22 95 90 39 15 93 16 72 88 62 73 35 91 7 29 2 60 81 91 38 71 92 51 96 19 53 57 69 29 53 96 66 75 62 12 34 89 27 40 63 79 45 59 2 
48 63 19 15 95 89 22 57 97 56 25 22 10 80 86 74 67 56 86 28 67 55 51 5 32 91 54 67 4 10 93 13 57 66 87 69 74 45 76 41 59 46 46 55 39 34 76 87 7 47 14 70 58 56 45 12 11 77 48 46 3 90 99 18 48 86 88 14 29 6 75 50 42 65 35 93 26 86 1 90 
51 52 18 5 78 11 53 29 64 96 70 10 72 61 46 70 22 44 74 19 15 67 53 5 70 38 70 90 6 81 23 73 65 62 0 55 69 33 15 95 65 89 98 85 22 2 45 89 14 59 26 37 73 1 90 28 99 16 94 13 5 71 9 19 90 83 20 66 68 85 15 50 55 15 38 78 90 5 25 91 
66 32 87 98 63 20 73 40 24 40 76 9 1 47 8 44 98 20 32 92 95 60 18 61 50 63 89 12 65 32 84 61 20 62 25 84 29 75 74 98 10 42 82 12 23 9 43 64 69 60 90 7 54 69 96 2 98 8 48 29 16 85 72 45 22 35 73 94 6 59 69 16 25 41 35 1 55 66 86 27 
51 20 38 33 40 22 35 72 50 83 38 16 74 76 17 93 22 95 90 39 15 93 16 72 88 62 73 35 91 7 29 2 60 81 91 38 71 92 51 96 19 53 57 69 29 53 96 66 75 62 12 34 89 27 40 63 79 45 59 2 48 63 19 15 95 89 22 57 97 56 25 22 10 80 86 74 67 56 86 28 
67 55 51 5 32 91 54 67 4 10 93 13 57 66 87 69 74 45 76 41 59 46 46 55 39 34 76 87 7 47 14 70 58 56 45 12 11 77 48 46 3 90 99 18 48 86 88 14 29 6 75 50 42 65 35 93 26 86 1 90 51 52 18 5 78 11 53 29 64 96 70 10 72 61 46 70 22 44 74 19 
15 67 53 5 70 38 70 90 6 81 23 73 65 62 0 55 69 33 15 95 65 89 98 85 22 2 45 89 14 59 26 37 73 1 90 28 99 16 94 13 5 71 9 19 90 83 20 66 68 85 15 50 55 15 38 78 90 5 25 91 66 32 87 98 63 20 73 40 24 40 76 9 1 47 8 44 98 20 32 92 
95 60 18 61 50 63 89 12 65 32 84 61 20 62 25 84 29 75 74 98 10 42 82 12 23 9 43 64 69 60 90 7 54 69 96 2 98 8 48 29 16 85 72 45 22 35 73 94 6 59 69 16 25 41 35 1 55 66 86 27 51 20 38 33 40 22 35 72 50 83 38 16 74 76 17 93 22 95 90 39 
15 93 16 72 88 62 73 35 91 7 29 2 60 81 91 38 71 92 51 96 19 53 57 69 29 53 96 66 75 62 12 34 89 27 40 63 79 45 59 2 48 63 19 15 95 89 22 57 97 56 25 22 10 80 86 74 67 56 86 28 67 55 51 5 32 91 54 67 4 10 93 13 57 66 87 69 74 45 76 41 
59 46 46 55 39 34 76 87 7 47 14 70 58 56 45 12 11 77 48 46 3 90 99 18 48 86 88 14 29 6 75 50 42 65 35 93 26 86 1 90 51 52 18 5 78 11 53 29 64 96 70 10 72 61 46 70 22 44 74 19 15 67 53 5 70 38 70 90 6 81 23 73 65 62 0 55 69 33 15 95 
65 89 98 85 22 2 45 89 14 59 26 37 73 1 90 28 99 16 94 13 5 71 9 19 90 83 20 66 68 85 15 50 55 15 38 78 90 5 25 91 66 32 87 98 63 20 73 40 24 40 76 9 1 47 8 44 98 20 32 92 95 60 18 61 50 63 89 12 65 32 84 61 20 62 25 84 29 75 74 98 
10 42 82 12 23 9 43 64 69 60 90 7 54 69 96 2 98 8 48 29 16 85 72 45 22 35 73 94 6 59 69 16 25 41 35 1 55 66 86 27 51 20 38 33 40 22 35 72 50 83 38 16 74 76 17 93 22 95 90 39 15 93 16 72 88 62 73 35 91 7 29 2 60 81 91 38 71 92 51 96 
19 53 57 69 29 53 96 66 75 62 12 34 89 27 40 63 79 45 59 2 48 63 19 15 95 89 22 57 97 56 25 22 10 80 86 74 67 56 86 28 67 55 51 5 32 91 54 67 4 10 93 13 57 66 87 69 74 45 76 41 59 46 46 55 39 34 76 87 7 47 14 70 58 56 45 12 11 77 48 46 
3 90 99 18 48 86 88 14 29 6 75 50 42 65 35 93 26 86 1 90 51 52 18 5 78 11 53 29 64 96 70 10 72 61 46 70 22 44 74 19 15 67 53 5 70 38 70 90 6 81 23 73 65 62 0 55 69 33 15 95 65 89 98 85 22 2 45 89 14 59 26 37 73 1 90 28 99 16 94 13 
5 71 9 19 90 83 20 66 68 85 15 50 55 15 38 78 90 5 25 91 66 32 87 98 63 20 73 40 24 40 76 9 1 47 8 44 98 20 32 92 95 60 18 61 50 63 89 12 65 32 84 61 20 62 25 84 29 75 74 98 10 42 82 12 23 9 43 64 69 60 90 7 54 69 96 2 98 8 48 29 
16 85 72 45 22 35 73 94 6 59 69 16 25 41 35 1 55 66 86 27 51 20 38 33 40 22 35 72 50 83 38 16 74 76 17 93 22 95 90 39 15 93 16 72 88 62 73 35 91 7 29 2 60 81 91 38 71 92 51 96 19 53 57 69 29 53 96 66 75 62 12 34 89 27 40 63 79 45 59 2 
48 63 19 15 95 89 22 57 97 56 25 22 10 80 86 74 67 56 86 28 67 55 51 5 32 91 54 67 4 10 93 13 57 66 87 69 74 45 76 41 59 46 46 55 39 34 76 87 7 47 14 70 58 56 45 12 11 77 48 46 3 90 99 18 48 86 88 14 29 6 75 50 42 65 35 93 26 86 1 90 
51 52 18 5 78 11 53 29 64 96 70 10 72 61 46 70 22 44 74 19 15 67 53 5 70 38 70 90 6 81 23 73 65 62 0 55 69 33 15 95 65 89 98 85 22 2 45 89 14 59 26 37 73 1 90 28 99 16 94 13 5 71 9 19 90 83 20 66 68 85 15 50 55 15 38 78 90 5 25 91 
